5500.0
5500.0547
5500.1094
5500.1641
5500.2188
5500.2735
5500.3282
5500.3829
5500.4376
5500.4923
5500.547
5500.6017
5500.6564
5500.7111
5500.7658
5500.8205
5500.8752
5500.9299
5500.9846
5501.0393
5501.094
5501.1487
5501.2034
5501.2581
5501.3128
5501.3675
5501.4222
5501.4769
5501.5316
5501.5863
5501.641
5501.6957
5501.7504
5501.8051
5501.8598
5501.9145
5501.9692
5502.0239
5502.0786
5502.1333
5502.188
5502.2427
5502.2974
5502.3521
5502.4068
5502.4615
5502.5162
5502.5709
5502.6256
5502.6803
5502.735
5502.7897
5502.8444
5502.8991
5502.9538
5503.0085
5503.0632
5503.1179
5503.1726
5503.2273
5503.282
5503.3367
5503.3914
5503.4461
5503.5008
5503.5555
5503.6102
5503.6649
5503.7196
5503.7743
5503.829
5503.8837
5503.9384
5503.9931
5504.0478
5504.1025
5504.1572
5504.2119
5504.2666
5504.3213
5504.376
5504.4307
5504.4854
5504.5401
5504.5948
5504.6495
5504.7042
5504.7589
5504.8136
5504.8683
5504.923
5504.9777
5505.0324
5505.0871
5505.1418
5505.1965
5505.2512
5505.3059
5505.3606
5505.4153
5505.47
5505.5247
5505.5794
5505.6341
5505.6888
5505.7435
5505.7982
5505.8529
5505.9076
5505.9623
5506.017
5506.0717
5506.1264
5506.1811
5506.2358
5506.2905
5506.3452
5506.3999
5506.4546
5506.5093
5506.564
5506.6187
5506.6734
5506.7281
5506.7828
5506.8375
5506.8922
5506.9469
5507.0016
5507.0563
5507.111
5507.1657
5507.2204
5507.2751
5507.3298
5507.3845
5507.4392
5507.4939
5507.5486
5507.6033
5507.658
5507.7127
5507.7674
5507.8221
5507.8768
5507.9315
5507.9862
5508.0409
5508.0956
5508.1503
5508.205
5508.2597
5508.3144
5508.3691
5508.4238
5508.4785
5508.5332
5508.5879
5508.6426
5508.6973
5508.752
5508.8067
5508.8614
5508.9161
5508.9708
5509.0255
5509.0802
5509.1349
5509.1896
5509.2443
5509.299
5509.3537
5509.4084
5509.4631
5509.5178
5509.5725
5509.6272
5509.6819
5509.7366
5509.7913
5509.846
5509.9007
5509.9554
5510.0101
5510.0648
5510.1195
5510.1742
5510.2289
5510.2836
5510.3383
5510.393
5510.4477
5510.5024
5510.5571
5510.6118
5510.6665
5510.7212
5510.7759
5510.8306
5510.8853
5510.94
5510.9947
5511.0494
5511.1041
5511.1588
5511.2135
5511.2682
5511.3229
5511.3776
5511.4323
5511.487
5511.5417
5511.5964
5511.6511
5511.7058
5511.7605
5511.8152
5511.8699
5511.9246
5511.9793
5512.034
5512.0887
5512.1434
5512.1981
5512.2528
5512.3075
5512.3622
5512.4169
5512.4716
5512.5263
5512.581
5512.6357
5512.6904
5512.7451
5512.7998
5512.8545
5512.9092
5512.9639
5513.0186
5513.0733
5513.128
5513.1827
5513.2374
5513.2921
5513.3468
5513.4015
5513.4562
5513.5109
5513.5656
5513.6203
5513.675
5513.7297
5513.7844
5513.8391
5513.8938
5513.9485
5514.0032
5514.0579
5514.1126
5514.1673
5514.222
5514.2767
5514.3314
5514.3861
5514.4408
5514.4955
5514.5502
5514.6049
5514.6596
5514.7143
5514.769
5514.8237
5514.8784
5514.9331
5514.9878
5515.0425
5515.0972
5515.1519
5515.2066
5515.2613
5515.316
5515.3707
5515.4254
5515.4801
5515.5348
5515.5895
5515.6442
5515.6989
5515.7536
5515.8083
5515.863
5515.9177
5515.9724
5516.0271
5516.0818
5516.1365
5516.1912
5516.2459
5516.3006
5516.3553
5516.41
5516.4647
5516.5194
5516.5741
5516.6288
5516.6835
5516.7382
5516.7929
5516.8476
5516.9023
5516.957
5517.0117
5517.0664
5517.1211
5517.1758
5517.2305
5517.2852
5517.3399
5517.3946
5517.4493
5517.504
5517.5587
5517.6134
5517.6681
5517.7228
5517.7775
5517.8322
5517.8869
5517.9416
5517.9963
5518.051
5518.1057
5518.1604
5518.2151
5518.2698
5518.3245
5518.3792
5518.4339
5518.4886
5518.5433
5518.598
5518.6527
5518.7074
5518.7621
5518.8168
5518.8715
5518.9262
5518.9809
5519.0356
5519.0903
5519.145
5519.1997
5519.2544
5519.3091
5519.3638
5519.4185
5519.4732
5519.5279
5519.5826
5519.6373
5519.692
5519.7467
5519.8014
5519.8561
5519.9108
5519.9655
5520.0202
5520.0749
5520.1296
5520.1843
5520.239
5520.2937
5520.3484
5520.4031
5520.4578
5520.5125
5520.5672
5520.6219
5520.6766
5520.7313
5520.786
5520.8407
5520.8954
5520.9501
5521.0048
5521.0595
5521.1142
5521.1689
5521.2236
5521.2783
5521.333
5521.3877
5521.4424
5521.4971
5521.5518
5521.6065
5521.6612
5521.7159
5521.7706
5521.8253
5521.88
5521.9347
5521.9894
5522.0441
5522.0988
5522.1535
5522.2082
5522.2629
5522.3176
5522.3723
5522.427
5522.4817
5522.5364
5522.5911
5522.6458
5522.7005
5522.7552
5522.8099
5522.8646
5522.9193
5522.974
5523.0287
5523.0834
5523.1381
5523.1928
5523.2475
5523.3022
5523.3569
5523.4116
5523.4663
5523.521
5523.5757
5523.6304
5523.6851
5523.7398
5523.7945
5523.8492
5523.9039
5523.9586
5524.0133
5524.068
5524.1227
5524.1774
5524.2321
5524.2868
5524.3415
5524.3962
5524.4509
5524.5056
5524.5603
5524.615
5524.6697
5524.7244
5524.7791
5524.8338
5524.8885
5524.9432
5524.9979
5525.0526
5525.1073
5525.162
5525.2167
5525.2714
5525.3261
5525.3808
5525.4355
5525.4902
5525.5449
5525.5996
5525.6543
5525.709
5525.7637
5525.8184
5525.8731
5525.9278
5525.9825
5526.0372
5526.0919
5526.1466
5526.2013
5526.256
5526.3107
5526.3654
5526.4201
5526.4748
5526.5295
5526.5842
5526.6389
5526.6936
5526.7483
5526.803
5526.8577
5526.9124
5526.9671
5527.0218
5527.0765
5527.1312
5527.1859
5527.2406
5527.2953
5527.35
5527.4047
5527.4594
5527.5141
5527.5688
5527.6235
5527.6782
5527.7329
5527.7876
5527.8423
5527.897
5527.9517
5528.0064
5528.0611
5528.1158
5528.1705
5528.2252
5528.2799
5528.3346
5528.3893
5528.444
5528.4987
5528.5534
5528.6081
5528.6628
5528.7175
5528.7722
5528.8269
5528.8816
5528.9363
5528.991
5529.0457
5529.1004
5529.1551
5529.2098
5529.2645
5529.3192
5529.3739
5529.4286
5529.4833
5529.538
5529.5927
5529.6474
5529.7021
5529.7568
5529.8115
5529.8662
5529.9209
5529.9756
5530.0303
5530.085
5530.1397
5530.1944
5530.2491
5530.3038
5530.3585
5530.4132
5530.4679
5530.5226
5530.5773
5530.632
5530.6867
5530.7414
5530.7961
5530.8508
5530.9055
5530.9602
5531.0149
5531.0696
5531.1243
5531.179
5531.2337
5531.2884
5531.3431
5531.3978
5531.4525
5531.5072
5531.5619
5531.6166
5531.6713
5531.726
5531.7807
5531.8354
5531.8901
5531.9448
5531.9995
5532.0542
5532.1089
5532.1636
5532.2183
5532.273
5532.3277
5532.3824
5532.4371
5532.4918
5532.5465
5532.6012
5532.6559
5532.7106
5532.7653
5532.82
5532.8747
5532.9294
5532.9841
5533.0388
5533.0935
5533.1482
5533.2029
5533.2576
5533.3123
5533.367
5533.4217
5533.4764
5533.5311
5533.5858
5533.6405
5533.6952
5533.7499
5533.8046
5533.8593
5533.914
5533.9687
5534.0234
5534.0781
5534.1328
5534.1875
5534.2422
5534.2969
5534.3516
5534.4063
5534.461
5534.5157
5534.5704
5534.6251
5534.6798
5534.7345
5534.7892
5534.8439
5534.8986
5534.9533
5535.008
5535.0627
5535.1174
5535.1721
5535.2268
5535.2815
5535.3362
5535.3909
5535.4456
5535.5003
5535.555
5535.6097
5535.6644
5535.7191
5535.7738
5535.8285
5535.8832
5535.9379
5535.9926
5536.0473
5536.102
5536.1567
5536.2114
5536.2661
5536.3208
5536.3755
5536.4302
5536.4849
5536.5396
5536.5943
5536.649
5536.7037
5536.7584
5536.8131
5536.8678
5536.9225
5536.9772
5537.0319
5537.0866
5537.1413
5537.196
5537.2507
5537.3054
5537.3601
5537.4148
5537.4695
5537.5242
5537.5789
5537.6336
5537.6883
5537.743
5537.7977
5537.8524
5537.9071
5537.9618
5538.0165
5538.0712
5538.1259
5538.1806
5538.2353
5538.29
5538.3447
5538.3994
5538.4541
5538.5088
5538.5635
5538.6182
5538.6729
5538.7276
5538.7823
5538.837
5538.8917
5538.9464
5539.0011
5539.0558
5539.1105
5539.1652
5539.2199
5539.2746
5539.3293
5539.384
5539.4387
5539.4934
5539.5481
5539.6028
5539.6575
5539.7122
5539.7669
5539.8216
5539.8763
5539.931
5539.9857
5540.0404
5540.0951
5540.1498
5540.2045
5540.2592
5540.3139
5540.3686
5540.4233
5540.478
5540.5327
5540.5874
5540.6421
5540.6968
5540.7515
5540.8062
5540.8609
5540.9156
5540.9703
5541.025
5541.0797
5541.1344
5541.1891
5541.2438
5541.2985
5541.3532
5541.4079
5541.4626
5541.5173
5541.572
5541.6267
5541.6814
5541.7361
5541.7908
5541.8455
5541.9002
5541.9549
5542.0096
5542.0643
5542.119
5542.1737
5542.2284
5542.2831
5542.3378
5542.3925
5542.4472
5542.5019
5542.5566
5542.6113
5542.666
5542.7207
5542.7754
5542.8301
5542.8848
5542.9395
5542.9942
5543.0489
5543.1036
5543.1583
5543.213
5543.2677
5543.3224
5543.3771
5543.4318
5543.4865
5543.5412
5543.5959
5543.6506
5543.7053
5543.76
5543.8147
5543.8694
5543.9241
5543.9788
5544.0335
5544.0882
5544.1429
5544.1976
5544.2523
5544.307
5544.3617
5544.4164
5544.4711
5544.5258
5544.5805
5544.6352
5544.6899
5544.7446
5544.7993
5544.854
5544.9087
5544.9634
5545.0181
5545.0728
5545.1275
5545.1822
5545.2369
5545.2916
5545.3463
5545.401
5545.4557
5545.5104
5545.5651
5545.6198
5545.6745
5545.7292
5545.7839
5545.8386
5545.8933
5545.948
5546.0027
5546.0574
5546.1121
5546.1668
5546.2215
5546.2762
5546.3309
5546.3856
5546.4403
5546.495
5546.5497
5546.6044
5546.6591
5546.7138
5546.7685
5546.8232
5546.8779
5546.9326
5546.9873
5547.042
5547.0967
5547.1514
5547.2061
5547.2608
5547.3155
5547.3702
5547.4249
5547.4796
5547.5343
5547.589
5547.6437
5547.6984
5547.7531
5547.8078
5547.8625
5547.9172
5547.9719
5548.0266
5548.0813
5548.136
5548.1907
5548.2454
5548.3001
5548.3548
5548.4095
5548.4642
5548.5189
5548.5736
5548.6283
5548.683
5548.7377
5548.7924
5548.8471
5548.9018
5548.9565
5549.0112
5549.0659
5549.1206
5549.1753
5549.23
5549.2847
5549.3394
5549.3941
5549.4488
5549.5035
5549.5582
5549.6129
5549.6676
5549.7223
5549.777
5549.8317
5549.8864
5549.9411
5549.9958
5550.0505
5550.1052
5550.1599
5550.2146
5550.2693
5550.324
5550.3787
5550.4334
5550.4881
5550.5428
5550.5975
5550.6522
5550.7069
5550.7616
5550.8163
5550.871
5550.9257
5550.9804
5551.0351
5551.0898
5551.1445
5551.1992
5551.2539
5551.3086
5551.3633
5551.418
5551.4727
5551.5274
5551.5821
5551.6368
5551.6915
5551.7462
5551.8009
5551.8556
5551.9103
5551.965
5552.0197
5552.0744
5552.1291
5552.1838
5552.2385
5552.2932
5552.3479
5552.4026
5552.4573
5552.512
5552.5667
5552.6214
5552.6761
5552.7308
5552.7855
5552.8402
5552.8949
5552.9496
5553.0043
5553.059
5553.1137
5553.1684
5553.2231
5553.2778
5553.3325
5553.3872
5553.4419
5553.4966
5553.5513
5553.606
5553.6607
5553.7154
5553.7701
5553.8248
5553.8795
5553.9342
5553.9889
5554.0436
5554.0983
5554.153
5554.2077
5554.2624
5554.3171
5554.3718
5554.4265
5554.4812
5554.5359
5554.5906
5554.6453
5554.7
5554.7547
5554.8094
5554.8641
5554.9188
5554.9735
5555.0282
5555.0829
5555.1376
5555.1923
5555.247
5555.3017
5555.3564
5555.4111
5555.4658
5555.5205
5555.5752
5555.6299
5555.6846
5555.7393
5555.794
5555.8487
5555.9034
5555.9581
5556.0128
5556.0675
5556.1222
5556.1769
5556.2316
5556.2863
5556.341
5556.3957
5556.4504
5556.5051
5556.5598
5556.6145
5556.6692
5556.7239
5556.7786
5556.8333
5556.888
5556.9427
5556.9974
5557.0521
5557.1068
5557.1615
5557.2162
5557.2709
5557.3256
5557.3803
5557.435
5557.4897
5557.5444
5557.5991
5557.6538
5557.7085
5557.7632
5557.8179
5557.8726
5557.9273
5557.982
5558.0367
5558.0914
5558.1461
5558.2008
5558.2555
5558.3102
5558.3649
5558.4196
5558.4743
5558.529
5558.5837
5558.6384
5558.6931
5558.7478
5558.8025
5558.8572
5558.9119
5558.9666
5559.0213
5559.076
5559.1307
5559.1854
5559.2401
5559.2948
5559.3495
5559.4042
5559.4589
5559.5136
5559.5683
5559.623
5559.6777
5559.7324
5559.7871
5559.8418
5559.8965
5559.9512
5560.0059
5560.0606
5560.1153
5560.17
5560.2247
5560.2794
5560.3341
5560.3888
5560.4435
5560.4982
5560.5529
5560.6076
5560.6623
5560.717
5560.7717
5560.8264
5560.8811
5560.9358
5560.9905
5561.0452
5561.0999
5561.1546
5561.2093
5561.264
5561.3187
5561.3734
5561.4281
5561.4828
5561.5375
5561.5922
5561.6469
5561.7016
5561.7563
5561.811
5561.8657
5561.9204
5561.9751
5562.0298
5562.0845
5562.1392
5562.1939
5562.2486
5562.3033
5562.358
5562.4127
5562.4674
5562.5221
5562.5768
5562.6315
5562.6862
5562.7409
5562.7956
5562.8503
5562.905
5562.9597
5563.0144
5563.0691
5563.1238
5563.1785
5563.2332
5563.2879
5563.3426
5563.3973
5563.452
5563.5067
5563.5614
5563.6161
5563.6708
5563.7255
5563.7802
5563.8349
5563.8896
5563.9443
5563.999
5564.0537
5564.1084
5564.1631
5564.2178
5564.2725
5564.3272
5564.3819
5564.4366
5564.4913
5564.546
5564.6007
5564.6554
5564.7101
5564.7648
5564.8195
5564.8742
5564.9289
5564.9836
5565.0383
5565.093
5565.1477
5565.2024
5565.2571
5565.3118
5565.3665
5565.4212
5565.4759
5565.5306
5565.5853
5565.64
5565.6947
5565.7494
5565.8041
5565.8588
5565.9135
5565.9682
5566.0229
5566.0776
5566.1323
5566.187
5566.2417
5566.2964
5566.3511
5566.4058
5566.4605
5566.5152
5566.5699
5566.6246
5566.6793
5566.734
5566.7887
5566.8434
5566.8981
5566.9528
5567.0075
5567.0622
5567.1169
5567.1716
5567.2263
5567.281
5567.3357
5567.3904
5567.4451
5567.4998
5567.5545
5567.6092
5567.6639
5567.7186
5567.7733
5567.828
5567.8827
5567.9374
5567.9921
5568.0468
5568.1015
5568.1562
5568.2109
5568.2656
5568.3203
5568.375
5568.4297
5568.4844
5568.5391
5568.5938
5568.6485
5568.7032
5568.7579
5568.8126
5568.8673
5568.922
5568.9767
5569.0314
5569.0861
5569.1408
5569.1955
5569.2502
5569.3049
5569.3596
5569.4143
5569.469
5569.5237
5569.5784
5569.6331
5569.6878
5569.7425
5569.7972
5569.8519
5569.9066
5569.9613
5570.016
5570.0707
5570.1254
5570.1801
5570.2348
5570.2895
5570.3442
5570.3989
5570.4536
5570.5083
5570.563
5570.6177
5570.6724
5570.7271
5570.7818
5570.8365
5570.8912
5570.9459
5571.0006
5571.0553
5571.11
5571.1647
5571.2194
5571.2741
5571.3288
5571.3835
5571.4382
5571.4929
5571.5476
5571.6023
5571.657
5571.7117
5571.7664
5571.8211
5571.8758
5571.9305
5571.9852
5572.0399
5572.0946
5572.1493
5572.204
5572.2587
5572.3134
5572.3681
5572.4228
5572.4775
5572.5322
5572.5869
5572.6416
5572.6963
5572.751
5572.8057
5572.8604
5572.9151
5572.9698
5573.0245
5573.0792
5573.1339
5573.1886
5573.2433
5573.298
5573.3527
5573.4074
5573.4621
5573.5168
5573.5715
5573.6262
5573.6809
5573.7356
5573.7903
5573.845
5573.8997
5573.9544
5574.0091
5574.0638
5574.1185
5574.1732
5574.2279
5574.2826
5574.3373
5574.392
5574.4467
5574.5014
5574.5561
5574.6108
5574.6655
5574.7202
5574.7749
5574.8296
5574.8843
5574.939
5574.9937
5575.0484
5575.1031
5575.1578
5575.2125
5575.2672
5575.3219
5575.3766
5575.4313
5575.486
5575.5407
5575.5954
5575.6501
5575.7048
5575.7595
5575.8142
5575.8689
5575.9236
5575.9783
5576.033
5576.0877
5576.1424
5576.1971
5576.2518
5576.3065
5576.3612
5576.4159
5576.4706
5576.5253
5576.58
5576.6347
5576.6894
5576.7441
5576.7988
5576.8535
5576.9082
5576.9629
5577.0176
5577.0723
5577.127
5577.1817
5577.2364
5577.2911
5577.3458
5577.4005
5577.4552
5577.5099
5577.5646
5577.6193
5577.674
5577.7287
5577.7834
5577.8381
5577.8928
5577.9475
5578.0022
5578.0569
5578.1116
5578.1663
5578.221
5578.2757
5578.3304
5578.3851
5578.4398
5578.4945
5578.5492
5578.6039
5578.6586
5578.7133
5578.768
5578.8227
5578.8774
5578.9321
5578.9868
5579.0415
5579.0962
5579.1509
5579.2056
5579.2603
5579.315
5579.3697
5579.4244
5579.4791
5579.5338
5579.5885
5579.6432
5579.6979
5579.7526
5579.8073
5579.862
5579.9167
5579.9714
5580.0261
5580.0808
5580.1355
5580.1902
5580.2449
5580.2996
5580.3543
5580.409
5580.4637
5580.5184
5580.5731
5580.6278
5580.6825
5580.7372
5580.7919
5580.8466
5580.9013
5580.956
5581.0107
5581.0654
5581.1201
5581.1748
5581.2295
5581.2842
5581.3389
5581.3936
5581.4483
5581.503
5581.5577
5581.6124
5581.6671
5581.7218
5581.7765
5581.8312
5581.8859
5581.9406
5581.9953
5582.05
5582.1047
5582.1594
5582.2141
5582.2688
5582.3235
5582.3782
5582.4329
5582.4876
5582.5423
5582.597
5582.6517
5582.7064
5582.7611
5582.8158
5582.8705
5582.9252
5582.9799
5583.0346
5583.0893
5583.144
5583.1987
5583.2534
5583.3081
5583.3628
5583.4175
5583.4722
5583.5269
5583.5816
5583.6363
5583.691
5583.7457
5583.8004
5583.8551
5583.9098
5583.9645
5584.0192
5584.0739
5584.1286
5584.1833
5584.238
5584.2927
5584.3474
5584.4021
5584.4568
5584.5115
5584.5662
5584.6209
5584.6756
5584.7303
5584.785
5584.8397
5584.8944
5584.9491
5585.0038
5585.0585
5585.1132
5585.1679
5585.2226
5585.2773
5585.332
5585.3867
5585.4414
5585.4961
5585.5508
5585.6055
5585.6602
5585.7149
5585.7696
5585.8243
5585.879
5585.9337
5585.9884
5586.0431
5586.0978
5586.1525
5586.2072
5586.2619
5586.3166
5586.3713
5586.426
5586.4807
5586.5354
5586.5901
5586.6448
5586.6995
5586.7542
5586.8089
5586.8636
5586.9183
5586.973
5587.0277
5587.0824
5587.1371
5587.1918
5587.2465
5587.3012
5587.3559
5587.4106
5587.4653
5587.52
5587.5747
5587.6294
5587.6841
5587.7388
5587.7935
5587.8482
5587.9029
5587.9576
5588.0123
5588.067
5588.1217
5588.1764
5588.2311
5588.2858
5588.3405
5588.3952
5588.4499
5588.5046
5588.5593
5588.614
5588.6687
5588.7234
5588.7781
5588.8328
5588.8875
5588.9422
5588.9969
5589.0516
5589.1063
5589.161
5589.2157
5589.2704
5589.3251
5589.3798
5589.4345
5589.4892
5589.5439
5589.5986
5589.6533
5589.708
5589.7627
5589.8174
5589.8721
5589.9268
5589.9815
5590.0362
5590.0909
5590.1456
5590.2003
5590.255
5590.3097
5590.3644
5590.4191
5590.4738
5590.5285
5590.5832
5590.6379
5590.6926
5590.7473
5590.802
5590.8567
5590.9114
5590.9661
5591.0208
5591.0755
5591.1302
5591.1849
5591.2396
5591.2943
5591.349
5591.4037
5591.4584
5591.5131
5591.5678
5591.6225
5591.6772
5591.7319
5591.7866
5591.8413
5591.896
5591.9507
5592.0054
5592.0601
5592.1148
5592.1695
5592.2242
5592.2789
5592.3336
5592.3883
5592.443
5592.4977
5592.5524
5592.6071
5592.6618
5592.7165
5592.7712
5592.8259
5592.8806
5592.9353
5592.99
5593.0447
5593.0994
5593.1541
5593.2088
5593.2635
5593.3182
5593.3729
5593.4276
5593.4823
5593.537
5593.5917
5593.6464
5593.7011
5593.7558
5593.8105
5593.8652
5593.9199
5593.9746
5594.0293
5594.084
5594.1387
5594.1934
5594.2481
5594.3028
5594.3575
5594.4122
5594.4669
5594.5216
5594.5763
5594.631
5594.6857
5594.7404
5594.7951
5594.8498
5594.9045
5594.9592
5595.0139
5595.0686
5595.1233
5595.178
5595.2327
5595.2874
5595.3421
5595.3968
5595.4515
5595.5062
5595.5609
5595.6156
5595.6703
5595.725
5595.7797
5595.8344
5595.8891
5595.9438
5595.9985
5596.0532
5596.1079
5596.1626
5596.2173
5596.272
5596.3267
5596.3814
5596.4361
5596.4908
5596.5455
5596.6002
5596.6549
5596.7096
5596.7643
5596.819
5596.8737
5596.9284
5596.9831
5597.0378
5597.0925
5597.1472
5597.2019
5597.2566
5597.3113
5597.366
5597.4207
5597.4754
5597.5301
5597.5848
5597.6395
5597.6942
5597.7489
5597.8036
5597.8583
5597.913
5597.9677
5598.0224
5598.0771
5598.1318
5598.1865
5598.2412
5598.2959
5598.3506
5598.4053
5598.46
5598.5147
5598.5694
5598.6241
5598.6788
5598.7335
5598.7882
5598.8429
5598.8976
5598.9523
5599.007
5599.0617
5599.1164
5599.1711
5599.2258
5599.2805
5599.3352
5599.3899
5599.4446
5599.4993
5599.554
5599.6087
5599.6634
5599.7181
5599.7728
5599.8275
5599.8822
5599.9369
5599.9916
5600.0463
5600.101
5600.1557
5600.2104
5600.2651
5600.3198
5600.3745
5600.4292
5600.4839
5600.5386
5600.5933
5600.648
5600.7027
5600.7574
5600.8121
5600.8668
5600.9215
5600.9762
5601.0309
5601.0856
5601.1403
5601.195
5601.2497
5601.3044
5601.3591
5601.4138
5601.4685
5601.5232
5601.5779
5601.6326
5601.6873
5601.742
5601.7967
5601.8514
5601.9061
5601.9608
5602.0155
5602.0702
5602.1249
5602.1796
5602.2343
5602.289
5602.3437
5602.3984
5602.4531
5602.5078
5602.5625
5602.6172
5602.6719
5602.7266
5602.7813
5602.836
5602.8907
5602.9454
5603.0001
5603.0548
5603.1095
5603.1642
5603.2189
5603.2736
5603.3283
5603.383
5603.4377
5603.4924
5603.5471
5603.6018
5603.6565
5603.7112
5603.7659
5603.8206
5603.8753
5603.93
5603.9847
5604.0394
5604.0941
5604.1488
5604.2035
5604.2582
5604.3129
5604.3676
5604.4223
5604.477
5604.5317
5604.5864
5604.6411
5604.6958
5604.7505
5604.8052
5604.8599
5604.9146
5604.9693
5605.024
5605.0787
5605.1334
5605.1881
5605.2428
5605.2975
5605.3522
5605.4069
5605.4616
5605.5163
5605.571
5605.6257
5605.6804
5605.7351
5605.7898
5605.8445
5605.8992
5605.9539
5606.0086
5606.0633
5606.118
5606.1727
5606.2274
5606.2821
5606.3368
5606.3915
5606.4462
5606.5009
5606.5556
5606.6103
5606.665
5606.7197
5606.7744
5606.8291
5606.8838
5606.9385
5606.9932
5607.0479
5607.1026
5607.1573
5607.212
5607.2667
5607.3214
5607.3761
5607.4308
5607.4855
5607.5402
5607.5949
5607.6496
5607.7043
5607.759
5607.8137
5607.8684
5607.9231
5607.9778
5608.0325
5608.0872
5608.1419
5608.1966
5608.2513
5608.306
5608.3607
5608.4154
5608.4701
5608.5248
5608.5795
5608.6342
5608.6889
5608.7436
5608.7983
5608.853
5608.9077
5608.9624
5609.0171
5609.0718
5609.1265
5609.1812
5609.2359
5609.2906
5609.3453
5609.4
5609.4547
5609.5094
5609.5641
5609.6188
5609.6735
5609.7282
5609.7829
5609.8376
5609.8923
5609.947
5610.0017
5610.0564
5610.1111
5610.1658
5610.2205
5610.2752
5610.3299
5610.3846
5610.4393
5610.494
5610.5487
5610.6034
5610.6581
5610.7128
5610.7675
5610.8222
5610.8769
5610.9316
5610.9863
5611.041
5611.0957
5611.1504
5611.2051
5611.2598
5611.3145
5611.3692
5611.4239
5611.4786
5611.5333
5611.588
5611.6427
5611.6974
5611.7521
5611.8068
5611.8615
5611.9162
5611.9709
5612.0256
5612.0803
5612.135
5612.1897
5612.2444
5612.2991
5612.3538
5612.4085
5612.4632
5612.5179
5612.5726
5612.6273
5612.682
5612.7367
5612.7914
5612.8461
5612.9008
5612.9555
5613.0102
5613.0649
5613.1196
5613.1743
5613.229
5613.2837
5613.3384
5613.3931
5613.4478
5613.5025
5613.5572
5613.6119
5613.6666
5613.7213
5613.776
5613.8307
5613.8854
5613.9401
5613.9948
5614.0495
5614.1042
5614.1589
5614.2136
5614.2683
5614.323
5614.3777
5614.4324
5614.4871
5614.5418
5614.5965
5614.6512
5614.7059
5614.7606
5614.8153
5614.87
5614.9247
5614.9794
5615.0341
5615.0888
5615.1435
5615.1982
5615.2529
5615.3076
5615.3623
5615.417
5615.4717
5615.5264
5615.5811
5615.6358
5615.6905
5615.7452
5615.7999
5615.8546
5615.9093
5615.964
5616.0187
5616.0734
5616.1281
5616.1828
5616.2375
5616.2922
5616.3469
5616.4016
5616.4563
5616.511
5616.5657
5616.6204
5616.6751
5616.7298
5616.7845
5616.8392
5616.8939
5616.9486
5617.0033
5617.058
5617.1127
5617.1674
5617.2221
5617.2768
5617.3315
5617.3862
5617.4409
5617.4956
5617.5503
5617.605
5617.6597
5617.7144
5617.7691
5617.8238
5617.8785
5617.9332
5617.9879
5618.0426
5618.0973
5618.152
5618.2067
5618.2614
5618.3161
5618.3708
5618.4255
5618.4802
5618.5349
5618.5896
5618.6443
5618.699
5618.7537
5618.8084
5618.8631
5618.9178
5618.9725
5619.0272
5619.0819
5619.1366
5619.1913
5619.246
5619.3007
5619.3554
5619.4101
5619.4648
5619.5195
5619.5742
5619.6289
5619.6836
5619.7383
5619.793
5619.8477
5619.9024
5619.9571
5620.0118
5620.0665
5620.1212
5620.1759
5620.2306
5620.2853
5620.34
5620.3947
5620.4494
5620.5041
5620.5588
5620.6135
5620.6682
5620.7229
5620.7776
5620.8323
5620.887
5620.9417
5620.9964
5621.0511
5621.1058
5621.1605
5621.2152
5621.2699
5621.3246
5621.3793
5621.434
5621.4887
5621.5434
5621.5981
5621.6528
5621.7075
5621.7622
5621.8169
5621.8716
5621.9263
5621.981
5622.0357
5622.0904
5622.1451
5622.1998
5622.2545
5622.3092
5622.3639
5622.4186
5622.4733
5622.528
5622.5827
5622.6374
5622.6921
5622.7468
5622.8015
5622.8562
5622.9109
5622.9656
5623.0203
5623.075
5623.1297
5623.1844
5623.2391
5623.2938
5623.3485
5623.4032
5623.4579
5623.5126
5623.5673
5623.622
5623.6767
5623.7314
5623.7861
5623.8408
5623.8955
5623.9502
5624.0049
5624.0596
5624.1143
5624.169
5624.2237
5624.2784
5624.3331
5624.3878
5624.4425
5624.4972
5624.5519
5624.6066
5624.6613
5624.716
5624.7707
5624.8254
5624.8801
5624.9348
5624.9895
5625.0442
5625.0989
5625.1536
5625.2083
5625.263
5625.3177
5625.3724
5625.4271
5625.4818
5625.5365
5625.5912
5625.6459
5625.7006
5625.7553
5625.81
5625.8647
5625.9194
5625.9741
5626.0288
5626.0835
5626.1382
5626.1929
5626.2476
5626.3023
5626.357
5626.4117
5626.4664
5626.5211
5626.5758
5626.6305
5626.6852
5626.7399
5626.7946
5626.8493
5626.904
5626.9587
5627.0134
5627.0681
5627.1228
5627.1775
5627.2322
5627.2869
5627.3416
5627.3963
5627.451
5627.5057
5627.5604
5627.6151
5627.6698
5627.7245
5627.7792
5627.8339
5627.8886
5627.9433
5627.998
5628.0527
5628.1074
5628.1621
5628.2168
5628.2715
5628.3262
5628.3809
5628.4356
5628.4903
5628.545
5628.5997
5628.6544
5628.7091
5628.7638
5628.8185
5628.8732
5628.9279
5628.9826
5629.0373
5629.092
5629.1467
5629.2014
5629.2561
5629.3108
5629.3655
5629.4202
5629.4749
5629.5296
5629.5843
5629.639
5629.6937
5629.7484
5629.8031
5629.8578
5629.9125
5629.9672
5630.0219
5630.0766
5630.1313
5630.186
5630.2407
5630.2954
5630.3501
5630.4048
5630.4595
5630.5142
5630.5689
5630.6236
5630.6783
5630.733
5630.7877
5630.8424
5630.8971
5630.9518
5631.0065
5631.0612
5631.1159
5631.1706
5631.2253
5631.28
5631.3347
5631.3894
5631.4441
5631.4988
5631.5535
5631.6082
5631.6629
5631.7176
5631.7723
5631.827
5631.8817
5631.9364
5631.9911
5632.0458
5632.1005
5632.1552
5632.2099
5632.2646
5632.3193
5632.374
5632.4287
5632.4834
5632.5381
5632.5928
5632.6475
5632.7022
5632.7569
5632.8116
5632.8663
5632.921
5632.9757
5633.0304
5633.0851
5633.1398
5633.1945
5633.2492
5633.3039
5633.3586
5633.4133
5633.468
5633.5227
5633.5774
5633.6321
5633.6868
5633.7415
5633.7962
5633.8509
5633.9056
5633.9603
5634.015
5634.0697
5634.1244
5634.1791
5634.2338
5634.2885
5634.3432
5634.3979
5634.4526
5634.5073
5634.562
5634.6167
5634.6714
5634.7261
5634.7808
5634.8355
5634.8902
5634.9449
5634.9996
5635.0543
5635.109
5635.1637
5635.2184
5635.2731
5635.3278
5635.3825
5635.4372
5635.4919
5635.5466
5635.6013
5635.656
5635.7107
5635.7654
5635.8201
5635.8748
5635.9295
5635.9842
5636.0389
5636.0936
5636.1483
5636.203
5636.2577
5636.3124
5636.3671
5636.4218
5636.4765
5636.5312
5636.5859
5636.6406
5636.6953
5636.75
5636.8047
5636.8594
5636.9141
5636.9688
5637.0235
5637.0782
5637.1329
5637.1876
5637.2423
5637.297
5637.3517
5637.4064
5637.4611
5637.5158
5637.5705
5637.6252
5637.6799
5637.7346
5637.7893
5637.844
5637.8987
5637.9534
5638.0081
5638.0628
5638.1175
5638.1722
5638.2269
5638.2816
5638.3363
5638.391
5638.4457
5638.5004
5638.5551
5638.6098
5638.6645
5638.7192
5638.7739
5638.8286
5638.8833
5638.938
5638.9927
5639.0474
5639.1021
5639.1568
5639.2115
5639.2662
5639.3209
5639.3756
5639.4303
5639.485
5639.5397
5639.5944
5639.6491
5639.7038
5639.7585
5639.8132
5639.8679
5639.9226
5639.9773
5640.032
5640.0867
5640.1414
5640.1961
5640.2508
5640.3055
5640.3602
5640.4149
5640.4696
5640.5243
5640.579
5640.6337
5640.6884
5640.7431
5640.7978
5640.8525
5640.9072
5640.9619
5641.0166
5641.0713
5641.126
5641.1807
5641.2354
5641.2901
5641.3448
5641.3995
5641.4542
5641.5089
5641.5636
5641.6183
5641.673
5641.7277
5641.7824
5641.8371
5641.8918
5641.9465
5642.0012
5642.0559
5642.1106
5642.1653
5642.22
5642.2747
5642.3294
5642.3841
5642.4388
5642.4935
5642.5482
5642.6029
5642.6576
5642.7123
5642.767
5642.8217
5642.8764
5642.9311
5642.9858
5643.0405
5643.0952
5643.1499
5643.2046
5643.2593
5643.314
5643.3687
5643.4234
5643.4781
5643.5328
5643.5875
5643.6422
5643.6969
5643.7516
5643.8063
5643.861
5643.9157
5643.9704
5644.0251
5644.0798
5644.1345
5644.1892
5644.2439
5644.2986
5644.3533
5644.408
5644.4627
5644.5174
5644.5721
5644.6268
5644.6815
5644.7362
5644.7909
5644.8456
5644.9003
5644.955
5645.0097
5645.0644
5645.1191
5645.1738
5645.2285
5645.2832
5645.3379
5645.3926
5645.4473
5645.502
5645.5567
5645.6114
5645.6661
5645.7208
5645.7755
5645.8302
5645.8849
5645.9396
5645.9943
5646.049
5646.1037
5646.1584
5646.2131
5646.2678
5646.3225
5646.3772
5646.4319
5646.4866
5646.5413
5646.596
5646.6507
5646.7054
5646.7601
5646.8148
5646.8695
5646.9242
5646.9789
5647.0336
5647.0883
5647.143
5647.1977
5647.2524
5647.3071
5647.3618
5647.4165
5647.4712
5647.5259
5647.5806
5647.6353
5647.69
5647.7447
5647.7994
5647.8541
5647.9088
5647.9635
5648.0182
5648.0729
5648.1276
5648.1823
5648.237
5648.2917
5648.3464
5648.4011
5648.4558
5648.5105
5648.5652
5648.6199
5648.6746
5648.7293
5648.784
5648.8387
5648.8934
5648.9481
5649.0028
5649.0575
5649.1122
5649.1669
5649.2216
5649.2763
5649.331
5649.3857
5649.4404
5649.4951
5649.5498
5649.6045
5649.6592
5649.7139
5649.7686
5649.8233
5649.878
5649.9327
5649.9874
5650.0421
5650.0968
5650.1515
5650.2062
5650.2609
5650.3156
5650.3703
5650.425
5650.4797
5650.5344
5650.5891
5650.6438
5650.6985
5650.7532
5650.8079
5650.8626
5650.9173
5650.972
5651.0267
5651.0814
5651.1361
5651.1908
5651.2455
5651.3002
5651.3549
5651.4096
5651.4643
5651.519
5651.5737
5651.6284
5651.6831
5651.7378
5651.7925
5651.8472
5651.9019
5651.9566
5652.0113
5652.066
5652.1207
5652.1754
5652.2301
5652.2848
5652.3395
5652.3942
5652.4489
5652.5036
5652.5583
5652.613
5652.6677
5652.7224
5652.7771
5652.8318
5652.8865
5652.9412
5652.9959
5653.0506
5653.1053
5653.16
5653.2147
5653.2694
5653.3241
5653.3788
5653.4335
5653.4882
5653.5429
5653.5976
5653.6523
5653.707
5653.7617
5653.8164
5653.8711
5653.9258
5653.9805
5654.0352
5654.0899
5654.1446
5654.1993
5654.254
5654.3087
5654.3634
5654.4181
5654.4728
5654.5275
5654.5822
5654.6369
5654.6916
5654.7463
5654.801
5654.8557
5654.9104
5654.9651
5655.0198
5655.0745
5655.1292
5655.1839
5655.2386
5655.2933
5655.348
5655.4027
5655.4574
5655.5121
5655.5668
5655.6215
5655.6762
5655.7309
5655.7856
5655.8403
5655.895
5655.9497
5656.0044
5656.0591
5656.1138
5656.1685
5656.2232
5656.2779
5656.3326
5656.3873
5656.442
5656.4967
5656.5514
5656.6061
5656.6608
5656.7155
5656.7702
5656.8249
5656.8796
5656.9343
5656.989
5657.0437
5657.0984
5657.1531
5657.2078
5657.2625
5657.3172
5657.3719
5657.4266
5657.4813
5657.536
5657.5907
5657.6454
5657.7001
5657.7548
5657.8095
5657.8642
5657.9189
5657.9736
5658.0283
5658.083
5658.1377
5658.1924
5658.2471
5658.3018
5658.3565
5658.4112
5658.4659
5658.5206
5658.5753
5658.63
5658.6847
5658.7394
5658.7941
5658.8488
5658.9035
5658.9582
5659.0129
5659.0676
5659.1223
5659.177
5659.2317
5659.2864
5659.3411
5659.3958
5659.4505
5659.5052
5659.5599
5659.6146
5659.6693
5659.724
5659.7787
5659.8334
5659.8881
5659.9428
5659.9975
5660.0522
5660.1069
5660.1616
5660.2163
5660.271
5660.3257
5660.3804
5660.4351
5660.4898
5660.5445
5660.5992
5660.6539
5660.7086
5660.7633
5660.818
5660.8727
5660.9274
5660.9821
5661.0368
5661.0915
5661.1462
5661.2009
5661.2556
5661.3103
5661.365
5661.4197
5661.4744
5661.5291
5661.5838
5661.6385
5661.6932
5661.7479
5661.8026
5661.8573
5661.912
5661.9667
5662.0214
5662.0761
5662.1308
5662.1855
5662.2402
5662.2949
5662.3496
5662.4043
5662.459
5662.5137
5662.5684
5662.6231
5662.6778
5662.7325
5662.7872
5662.8419
5662.8966
5662.9513
5663.006
5663.0607
5663.1154
5663.1701
5663.2248
5663.2795
5663.3342
5663.3889
5663.4436
5663.4983
5663.553
5663.6077
5663.6624
5663.7171
5663.7718
5663.8265
5663.8812
5663.9359
5663.9906
5664.0453
5664.1
5664.1547
5664.2094
5664.2641
5664.3188
5664.3735
5664.4282
5664.4829
5664.5376
5664.5923
5664.647
5664.7017
5664.7564
5664.8111
5664.8658
5664.9205
5664.9752
5665.0299
5665.0846
5665.1393
5665.194
5665.2487
5665.3034
5665.3581
5665.4128
5665.4675
5665.5222
5665.5769
5665.6316
5665.6863
5665.741
5665.7957
5665.8504
5665.9051
5665.9598
5666.0145
5666.0692
5666.1239
5666.1786
5666.2333
5666.288
5666.3427
5666.3974
5666.4521
5666.5068
5666.5615
5666.6162
5666.6709
5666.7256
5666.7803
5666.835
5666.8897
5666.9444
5666.9991
5667.0538
5667.1085
5667.1632
5667.2179
5667.2726
5667.3273
5667.382
5667.4367
5667.4914
5667.5461
5667.6008
5667.6555
5667.7102
5667.7649
5667.8196
5667.8743
5667.929
5667.9837
5668.0384
5668.0931
5668.1478
5668.2025
5668.2572
5668.3119
5668.3666
5668.4213
5668.476
5668.5307
5668.5854
5668.6401
5668.6948
5668.7495
5668.8042
5668.8589
5668.9136
5668.9683
5669.023
5669.0777
5669.1324
5669.1871
5669.2418
5669.2965
5669.3512
5669.4059
5669.4606
5669.5153
5669.57
5669.6247
5669.6794
5669.7341
5669.7888
5669.8435
5669.8982
5669.9529
5670.0076
5670.0623
5670.117
5670.1717
5670.2264
5670.2811
5670.3358
5670.3905
5670.4452
5670.4999
5670.5546
5670.6093
5670.664
5670.7187
5670.7734
5670.8281
5670.8828
5670.9375
5670.9922
5671.0469
5671.1016
5671.1563
5671.211
5671.2657
5671.3204
5671.3751
5671.4298
5671.4845
5671.5392
5671.5939
5671.6486
5671.7033
5671.758
5671.8127
5671.8674
5671.9221
5671.9768
5672.0315
5672.0862
5672.1409
5672.1956
5672.2503
5672.305
5672.3597
5672.4144
5672.4691
5672.5238
5672.5785
5672.6332
5672.6879
5672.7426
5672.7973
5672.852
5672.9067
5672.9614
5673.0161
5673.0708
5673.1255
5673.1802
5673.2349
5673.2896
5673.3443
5673.399
5673.4537
5673.5084
5673.5631
5673.6178
5673.6725
5673.7272
5673.7819
5673.8366
5673.8913
5673.946
5674.0007
5674.0554
5674.1101
5674.1648
5674.2195
5674.2742
5674.3289
5674.3836
5674.4383
5674.493
5674.5477
5674.6024
5674.6571
5674.7118
5674.7665
5674.8212
5674.8759
5674.9306
5674.9853
5675.04
5675.0947
5675.1494
5675.2041
5675.2588
5675.3135
5675.3682
5675.4229
5675.4776
5675.5323
5675.587
5675.6417
5675.6964
5675.7511
5675.8058
5675.8605
5675.9152
5675.9699
5676.0246
5676.0793
5676.134
5676.1887
5676.2434
5676.2981
5676.3528
5676.4075
5676.4622
5676.5169
5676.5716
5676.6263
5676.681
5676.7357
5676.7904
5676.8451
5676.8998
5676.9545
5677.0092
5677.0639
5677.1186
5677.1733
5677.228
5677.2827
5677.3374
5677.3921
5677.4468
5677.5015
5677.5562
5677.6109
5677.6656
5677.7203
5677.775
5677.8297
5677.8844
5677.9391
5677.9938
5678.0485
5678.1032
5678.1579
5678.2126
5678.2673
5678.322
5678.3767
5678.4314
5678.4861
5678.5408
5678.5955
5678.6502
5678.7049
5678.7596
5678.8143
5678.869
5678.9237
5678.9784
5679.0331
5679.0878
5679.1425
5679.1972
5679.2519
5679.3066
5679.3613
5679.416
5679.4707
5679.5254
5679.5801
5679.6348
5679.6895
5679.7442
5679.7989
5679.8536
5679.9083
5679.963
5680.0177
5680.0724
5680.1271
5680.1818
5680.2365
5680.2912
5680.3459
5680.4006
5680.4553
5680.51
5680.5647
5680.6194
5680.6741
5680.7288
5680.7835
5680.8382
5680.8929
5680.9476
5681.0023
5681.057
5681.1117
5681.1664
5681.2211
5681.2758
5681.3305
5681.3852
5681.4399
5681.4946
5681.5493
5681.604
5681.6587
5681.7134
5681.7681
5681.8228
5681.8775
5681.9322
5681.9869
5682.0416
5682.0963
5682.151
5682.2057
5682.2604
5682.3151
5682.3698
5682.4245
5682.4792
5682.5339
5682.5886
5682.6433
5682.698
5682.7527
5682.8074
5682.8621
5682.9168
5682.9715
5683.0262
5683.0809
5683.1356
5683.1903
5683.245
5683.2997
5683.3544
5683.4091
5683.4638
5683.5185
5683.5732
5683.6279
5683.6826
5683.7373
5683.792
5683.8467
5683.9014
5683.9561
5684.0108
5684.0655
5684.1202
5684.1749
5684.2296
5684.2843
5684.339
5684.3937
5684.4484
5684.5031
5684.5578
5684.6125
5684.6672
5684.7219
5684.7766
5684.8313
5684.886
5684.9407
5684.9954
5685.0501
5685.1048
5685.1595
5685.2142
5685.2689
5685.3236
5685.3783
5685.433
5685.4877
5685.5424
5685.5971
5685.6518
5685.7065
5685.7612
5685.8159
5685.8706
5685.9253
5685.98
5686.0347
5686.0894
5686.1441
5686.1988
5686.2535
5686.3082
5686.3629
5686.4176
5686.4723
5686.527
5686.5817
5686.6364
5686.6911
5686.7458
5686.8005
5686.8552
5686.9099
5686.9646
5687.0193
5687.074
5687.1287
5687.1834
5687.2381
5687.2928
5687.3475
5687.4022
5687.4569
5687.5116
5687.5663
5687.621
5687.6757
5687.7304
5687.7851
5687.8398
5687.8945
5687.9492
5688.0039
5688.0586
5688.1133
5688.168
5688.2227
5688.2774
5688.3321
5688.3868
5688.4415
5688.4962
5688.5509
5688.6056
5688.6603
5688.715
5688.7697
5688.8244
5688.8791
5688.9338
5688.9885
5689.0432
5689.0979
5689.1526
5689.2073
5689.262
5689.3167
5689.3714
5689.4261
5689.4808
5689.5355
5689.5902
5689.6449
5689.6996
5689.7543
5689.809
5689.8637
5689.9184
5689.9731
5690.0278
5690.0825
5690.1372
5690.1919
5690.2466
5690.3013
5690.356
5690.4107
5690.4654
5690.5201
5690.5748
5690.6295
5690.6842
5690.7389
5690.7936
5690.8483
5690.903
5690.9577
5691.0124
5691.0671
5691.1218
5691.1765
5691.2312
5691.2859
5691.3406
5691.3953
5691.45
5691.5047
5691.5594
5691.6141
5691.6688
5691.7235
5691.7782
5691.8329
5691.8876
5691.9423
5691.997
5692.0517
5692.1064
5692.1611
5692.2158
5692.2705
5692.3252
5692.3799
5692.4346
5692.4893
5692.544
5692.5987
5692.6534
5692.7081
5692.7628
5692.8175
5692.8722
5692.9269
5692.9816
5693.0363
5693.091
5693.1457
5693.2004
5693.2551
5693.3098
5693.3645
5693.4192
5693.4739
5693.5286
5693.5833
5693.638
5693.6927
5693.7474
5693.8021
5693.8568
5693.9115
5693.9662
5694.0209
5694.0756
5694.1303
5694.185
5694.2397
5694.2944
5694.3491
5694.4038
5694.4585
5694.5132
5694.5679
5694.6226
5694.6773
5694.732
5694.7867
5694.8414
5694.8961
5694.9508
5695.0055
5695.0602
5695.1149
5695.1696
5695.2243
5695.279
5695.3337
5695.3884
5695.4431
5695.4978
5695.5525
5695.6072
5695.6619
5695.7166
5695.7713
5695.826
5695.8807
5695.9354
5695.9901
5696.0448
5696.0995
5696.1542
5696.2089
5696.2636
5696.3183
5696.373
5696.4277
5696.4824
5696.5371
5696.5918
5696.6465
5696.7012
5696.7559
5696.8106
5696.8653
5696.92
5696.9747
5697.0294
5697.0841
5697.1388
5697.1935
5697.2482
5697.3029
5697.3576
5697.4123
5697.467
5697.5217
5697.5764
5697.6311
5697.6858
5697.7405
5697.7952
5697.8499
5697.9046
5697.9593
5698.014
5698.0687
5698.1234
5698.1781
5698.2328
5698.2875
5698.3422
5698.3969
5698.4516
5698.5063
5698.561
5698.6157
5698.6704
5698.7251
5698.7798
5698.8345
5698.8892
5698.9439
5698.9986
5699.0533
5699.108
5699.1627
5699.2174
5699.2721
5699.3268
5699.3815
5699.4362
5699.4909
5699.5456
5699.6003
5699.655
5699.7097
5699.7644
5699.8191
5699.8738
5699.9285
5699.9832
5700.0379
5700.0926
5700.1473
5700.202
5700.2567
5700.3114
5700.3661
5700.4208
5700.4755
5700.5302
5700.5849
5700.6396
5700.6943
5700.749
5700.8037
5700.8584
5700.9131
5700.9678
5701.0225
5701.0772
5701.1319
5701.1866
5701.2413
5701.296
5701.3507
5701.4054
5701.4601
5701.5148
5701.5695
5701.6242
5701.6789
5701.7336
5701.7883
5701.843
5701.8977
5701.9524
5702.0071
5702.0618
5702.1165
5702.1712
5702.2259
5702.2806
5702.3353
5702.39
5702.4447
5702.4994
5702.5541
5702.6088
5702.6635
5702.7182
5702.7729
5702.8276
5702.8823
5702.937
5702.9917
5703.0464
5703.1011
5703.1558
5703.2105
5703.2652
5703.3199
5703.3746
5703.4293
5703.484
5703.5387
5703.5934
5703.6481
5703.7028
5703.7575
5703.8122
5703.8669
5703.9216
5703.9763
5704.031
5704.0857
5704.1404
5704.1951
5704.2498
5704.3045
5704.3592
5704.4139
5704.4686
5704.5233
5704.578
5704.6327
5704.6874
5704.7421
5704.7968
5704.8515
5704.9062
5704.9609
5705.0156
5705.0703
5705.125
5705.1797
5705.2344
5705.2891
5705.3438
5705.3985
5705.4532
5705.5079
5705.5626
5705.6173
5705.672
5705.7267
5705.7814
5705.8361
5705.8908
5705.9455
5706.0002
5706.0549
5706.1096
5706.1643
5706.219
5706.2737
5706.3284
5706.3831
5706.4378
5706.4925
5706.5472
5706.6019
5706.6566
5706.7113
5706.766
5706.8207
5706.8754
5706.9301
5706.9848
5707.0395
5707.0942
5707.1489
5707.2036
5707.2583
5707.313
5707.3677
5707.4224
5707.4771
5707.5318
5707.5865
5707.6412
5707.6959
5707.7506
5707.8053
5707.86
5707.9147
5707.9694
5708.0241
5708.0788
5708.1335
5708.1882
5708.2429
5708.2976
5708.3523
5708.407
5708.4617
5708.5164
5708.5711
5708.6258
5708.6805
5708.7352
5708.7899
5708.8446
5708.8993
5708.954
5709.0087
5709.0634
5709.1181
5709.1728
5709.2275
5709.2822
5709.3369
5709.3916
5709.4463
5709.501
5709.5557
5709.6104
5709.6651
5709.7198
5709.7745
5709.8292
5709.8839
5709.9386
5709.9933
5710.048
5710.1027
5710.1574
5710.2121
5710.2668
5710.3215
5710.3762
5710.4309
5710.4856
5710.5403
5710.595
5710.6497
5710.7044
5710.7591
5710.8138
5710.8685
5710.9232
5710.9779
5711.0326
5711.0873
5711.142
5711.1967
5711.2514
5711.3061
5711.3608
5711.4155
5711.4702
5711.5249
5711.5796
5711.6343
5711.689
5711.7437
5711.7984
5711.8531
5711.9078
5711.9625
5712.0172
5712.0719
5712.1266
5712.1813
5712.236
5712.2907
5712.3454
5712.4001
5712.4548
5712.5095
5712.5642
5712.6189
5712.6736
5712.7283
5712.783
5712.8377
5712.8924
5712.9471
5713.0018
5713.0565
5713.1112
5713.1659
5713.2206
5713.2753
5713.33
5713.3847
5713.4394
5713.4941
5713.5488
5713.6035
5713.6582
5713.7129
5713.7676
5713.8223
5713.877
5713.9317
5713.9864
5714.0411
5714.0958
5714.1505
5714.2052
5714.2599
5714.3146
5714.3693
5714.424
5714.4787
5714.5334
5714.5881
5714.6428
5714.6975
5714.7522
5714.8069
5714.8616
5714.9163
5714.971
5715.0257
5715.0804
5715.1351
5715.1898
5715.2445
5715.2992
5715.3539
5715.4086
5715.4633
5715.518
5715.5727
5715.6274
5715.6821
5715.7368
5715.7915
5715.8462
5715.9009
5715.9556
5716.0103
5716.065
5716.1197
5716.1744
5716.2291
5716.2838
5716.3385
5716.3932
5716.4479
5716.5026
5716.5573
5716.612
5716.6667
5716.7214
5716.7761
5716.8308
5716.8855
5716.9402
5716.9949
5717.0496
5717.1043
5717.159
5717.2137
5717.2684
5717.3231
5717.3778
5717.4325
5717.4872
5717.5419
5717.5966
5717.6513
5717.706
5717.7607
5717.8154
5717.8701
5717.9248
5717.9795
5718.0342
5718.0889
5718.1436
5718.1983
5718.253
5718.3077
5718.3624
5718.4171
5718.4718
5718.5265
5718.5812
5718.6359
5718.6906
5718.7453
5718.8
5718.8547
5718.9094
5718.9641
5719.0188
5719.0735
5719.1282
5719.1829
5719.2376
5719.2923
5719.347
5719.4017
5719.4564
5719.5111
5719.5658
5719.6205
5719.6752
5719.7299
5719.7846
5719.8393
5719.894
5719.9487
5720.0034
5720.0581
5720.1128
5720.1675
5720.2222
5720.2769
5720.3316
5720.3863
5720.441
5720.4957
5720.5504
5720.6051
5720.6598
5720.7145
5720.7692
5720.8239
5720.8786
5720.9333
5720.988
5721.0427
5721.0974
5721.1521
5721.2068
5721.2615
5721.3162
5721.3709
5721.4256
5721.4803
5721.535
5721.5897
5721.6444
5721.6991
5721.7538
5721.8085
5721.8632
5721.9179
5721.9726
5722.0273
5722.082
5722.1367
5722.1914
5722.2461
5722.3008
5722.3555
5722.4102
5722.4649
5722.5196
5722.5743
5722.629
5722.6837
5722.7384
5722.7931
5722.8478
5722.9025
5722.9572
5723.0119
5723.0666
5723.1213
5723.176
5723.2307
5723.2854
5723.3401
5723.3948
5723.4495
5723.5042
5723.5589
5723.6136
5723.6683
5723.723
5723.7777
5723.8324
5723.8871
5723.9418
5723.9965
5724.0512
5724.1059
5724.1606
5724.2153
5724.27
5724.3247
5724.3794
5724.4341
5724.4888
5724.5435
5724.5982
5724.6529
5724.7076
5724.7623
5724.817
5724.8717
5724.9264
5724.9811
5725.0358
5725.0905
5725.1452
5725.1999
5725.2546
5725.3093
5725.364
5725.4187
5725.4734
5725.5281
5725.5828
5725.6375
5725.6922
5725.7469
5725.8016
5725.8563
5725.911
5725.9657
5726.0204
5726.0751
5726.1298
5726.1845
5726.2392
5726.2939
5726.3486
5726.4033
5726.458
5726.5127
5726.5674
5726.6221
5726.6768
5726.7315
5726.7862
5726.8409
5726.8956
5726.9503
5727.005
5727.0597
5727.1144
5727.1691
5727.2238
5727.2785
5727.3332
5727.3879
5727.4426
5727.4973
5727.552
5727.6067
5727.6614
5727.7161
5727.7708
5727.8255
5727.8802
5727.9349
5727.9896
5728.0443
5728.099
5728.1537
5728.2084
5728.2631
5728.3178
5728.3725
5728.4272
5728.4819
5728.5366
5728.5913
5728.646
5728.7007
5728.7554
5728.8101
5728.8648
5728.9195
5728.9742
5729.0289
5729.0836
5729.1383
5729.193
5729.2477
5729.3024
5729.3571
5729.4118
5729.4665
5729.5212
5729.5759
5729.6306
5729.6853
5729.74
5729.7947
5729.8494
5729.9041
5729.9588
5730.0135
5730.0682
5730.1229
5730.1776
5730.2323
5730.287
5730.3417
5730.3964
5730.4511
5730.5058
5730.5605
5730.6152
5730.6699
5730.7246
5730.7793
5730.834
5730.8887
5730.9434
5730.9981
5731.0528
5731.1075
5731.1622
5731.2169
5731.2716
5731.3263
5731.381
5731.4357
5731.4904
5731.5451
5731.5998
5731.6545
5731.7092
5731.7639
5731.8186
5731.8733
5731.928
5731.9827
5732.0374
5732.0921
5732.1468
5732.2015
5732.2562
5732.3109
5732.3656
5732.4203
5732.475
5732.5297
5732.5844
5732.6391
5732.6938
5732.7485
5732.8032
5732.8579
5732.9126
5732.9673
5733.022
5733.0767
5733.1314
5733.1861
5733.2408
5733.2955
5733.3502
5733.4049
5733.4596
5733.5143
5733.569
5733.6237
5733.6784
5733.7331
5733.7878
5733.8425
5733.8972
5733.9519
5734.0066
5734.0613
5734.116
5734.1707
5734.2254
5734.2801
5734.3348
5734.3895
5734.4442
5734.4989
5734.5536
5734.6083
5734.663
5734.7177
5734.7724
5734.8271
5734.8818
5734.9365
5734.9912
5735.0459
5735.1006
5735.1553
5735.21
5735.2647
5735.3194
5735.3741
5735.4288
5735.4835
5735.5382
5735.5929
5735.6476
5735.7023
5735.757
5735.8117
5735.8664
5735.9211
5735.9758
5736.0305
5736.0852
5736.1399
5736.1946
5736.2493
5736.304
5736.3587
5736.4134
5736.4681
5736.5228
5736.5775
5736.6322
5736.6869
5736.7416
5736.7963
5736.851
5736.9057
5736.9604
5737.0151
5737.0698
5737.1245
5737.1792
5737.2339
5737.2886
5737.3433
5737.398
5737.4527
5737.5074
5737.5621
5737.6168
5737.6715
5737.7262
5737.7809
5737.8356
5737.8903
5737.945
5737.9997
5738.0544
5738.1091
5738.1638
5738.2185
5738.2732
5738.3279
5738.3826
5738.4373
5738.492
5738.5467
5738.6014
5738.6561
5738.7108
5738.7655
5738.8202
5738.8749
5738.9296
5738.9843
5739.039
5739.0937
5739.1484
5739.2031
5739.2578
5739.3125
5739.3672
5739.4219
5739.4766
5739.5313
5739.586
5739.6407
5739.6954
5739.7501
5739.8048
5739.8595
5739.9142
5739.9689
5740.0236
5740.0783
5740.133
5740.1877
5740.2424
5740.2971
5740.3518
5740.4065
5740.4612
5740.5159
5740.5706
5740.6253
5740.68
5740.7347
5740.7894
5740.8441
5740.8988
5740.9535
5741.0082
5741.0629
5741.1176
5741.1723
5741.227
5741.2817
5741.3364
5741.3911
5741.4458
5741.5005
5741.5552
5741.6099
5741.6646
5741.7193
5741.774
5741.8287
5741.8834
5741.9381
5741.9928
5742.0475
5742.1022
5742.1569
5742.2116
5742.2663
5742.321
5742.3757
5742.4304
5742.4851
5742.5398
5742.5945
5742.6492
5742.7039
5742.7586
5742.8133
5742.868
5742.9227
5742.9774
5743.0321
5743.0868
5743.1415
5743.1962
5743.2509
5743.3056
5743.3603
5743.415
5743.4697
5743.5244
5743.5791
5743.6338
5743.6885
5743.7432
5743.7979
5743.8526
5743.9073
5743.962
5744.0167
5744.0714
5744.1261
5744.1808
5744.2355
5744.2902
5744.3449
5744.3996
5744.4543
5744.509
5744.5637
5744.6184
5744.6731
5744.7278
5744.7825
5744.8372
5744.8919
5744.9466
5745.0013
5745.056
5745.1107
5745.1654
5745.2201
5745.2748
5745.3295
5745.3842
5745.4389
5745.4936
5745.5483
5745.603
5745.6577
5745.7124
5745.7671
5745.8218
5745.8765
5745.9312
5745.9859
5746.0406
5746.0953
5746.15
5746.2047
5746.2594
5746.3141
5746.3688
5746.4235
5746.4782
5746.5329
5746.5876
5746.6423
5746.697
5746.7517
5746.8064
5746.8611
5746.9158
5746.9705
5747.0252
5747.0799
5747.1346
5747.1893
5747.244
5747.2987
5747.3534
5747.4081
5747.4628
5747.5175
5747.5722
5747.6269
5747.6816
5747.7363
5747.791
5747.8457
5747.9004
5747.9551
5748.0098
5748.0645
5748.1192
5748.1739
5748.2286
5748.2833
5748.338
5748.3927
5748.4474
5748.5021
5748.5568
5748.6115
5748.6662
5748.7209
5748.7756
5748.8303
5748.885
5748.9397
5748.9944
5749.0491
5749.1038
5749.1585
5749.2132
5749.2679
5749.3226
5749.3773
5749.432
5749.4867
5749.5414
5749.5961
5749.6508
5749.7055
5749.7602
5749.8149
5749.8696
5749.9243
5749.979
5750.0337
5750.0884
5750.1431
5750.1978
5750.2525
5750.3072
5750.3619
5750.4166
5750.4713
5750.526
5750.5807
5750.6354
5750.6901
5750.7448
5750.7995
5750.8542
5750.9089
5750.9636
5751.0183
5751.073
5751.1277
5751.1824
5751.2371
5751.2918
5751.3465
5751.4012
5751.4559
5751.5106
5751.5653
5751.62
5751.6747
5751.7294
5751.7841
5751.8388
5751.8935
5751.9482
5752.0029
5752.0576
5752.1123
5752.167
5752.2217
5752.2764
5752.3311
5752.3858
5752.4405
5752.4952
5752.5499
5752.6046
5752.6593
5752.714
5752.7687
5752.8234
5752.8781
5752.9328
5752.9875
5753.0422
5753.0969
5753.1516
5753.2063
5753.261
5753.3157
5753.3704
5753.4251
5753.4798
5753.5345
5753.5892
5753.6439
5753.6986
5753.7533
5753.808
5753.8627
5753.9174
5753.9721
5754.0268
5754.0815
5754.1362
5754.1909
5754.2456
5754.3003
5754.355
5754.4097
5754.4644
5754.5191
5754.5738
5754.6285
5754.6832
5754.7379
5754.7926
5754.8473
5754.902
5754.9567
5755.0114
5755.0661
5755.1208
5755.1755
5755.2302
5755.2849
5755.3396
5755.3943
5755.449
5755.5037
5755.5584
5755.6131
5755.6678
5755.7225
5755.7772
5755.8319
5755.8866
5755.9413
5755.996
5756.0507
5756.1054
5756.1601
5756.2148
5756.2695
5756.3242
5756.3789
5756.4336
5756.4883
5756.543
5756.5977
5756.6524
5756.7071
5756.7618
5756.8165
5756.8712
5756.9259
5756.9806
5757.0353
5757.09
5757.1447
5757.1994
5757.2541
5757.3088
5757.3635
5757.4182
5757.4729
5757.5276
5757.5823
5757.637
5757.6917
5757.7464
5757.8011
5757.8558
5757.9105
5757.9652
5758.0199
5758.0746
5758.1293
5758.184
5758.2387
5758.2934
5758.3481
5758.4028
5758.4575
5758.5122
5758.5669
5758.6216
5758.6763
5758.731
5758.7857
5758.8404
5758.8951
5758.9498
5759.0045
5759.0592
5759.1139
5759.1686
5759.2233
5759.278
5759.3327
5759.3874
5759.4421
5759.4968
5759.5515
5759.6062
5759.6609
5759.7156
5759.7703
5759.825
5759.8797
5759.9344
5759.9891
5760.0438
5760.0985
5760.1532
5760.2079
5760.2626
5760.3173
5760.372
5760.4267
5760.4814
5760.5361
5760.5908
5760.6455
5760.7002
5760.7549
5760.8096
5760.8643
5760.919
5760.9737
5761.0284
5761.0831
5761.1378
5761.1925
5761.2472
5761.3019
5761.3566
5761.4113
5761.466
5761.5207
5761.5754
5761.6301
5761.6848
5761.7395
5761.7942
5761.8489
5761.9036
5761.9583
5762.013
5762.0677
5762.1224
5762.1771
5762.2318
5762.2865
5762.3412
5762.3959
5762.4506
5762.5053
5762.56
5762.6147
5762.6694
5762.7241
5762.7788
5762.8335
5762.8882
5762.9429
5762.9976
5763.0523
5763.107
5763.1617
5763.2164
5763.2711
5763.3258
5763.3805
5763.4352
5763.4899
5763.5446
5763.5993
5763.654
5763.7087
5763.7634
5763.8181
5763.8728
5763.9275
5763.9822
5764.0369
5764.0916
5764.1463
5764.201
5764.2557
5764.3104
5764.3651
5764.4198
5764.4745
5764.5292
5764.5839
5764.6386
5764.6933
5764.748
5764.8027
5764.8574
5764.9121
5764.9668
5765.0215
5765.0762
5765.1309
5765.1856
5765.2403
5765.295
5765.3497
5765.4044
5765.4591
5765.5138
5765.5685
5765.6232
5765.6779
5765.7326
5765.7873
5765.842
5765.8967
5765.9514
5766.0061
5766.0608
5766.1155
5766.1702
5766.2249
5766.2796
5766.3343
5766.389
5766.4437
5766.4984
5766.5531
5766.6078
5766.6625
5766.7172
5766.7719
5766.8266
5766.8813
5766.936
5766.9907
5767.0454
5767.1001
5767.1548
5767.2095
5767.2642
5767.3189
5767.3736
5767.4283
5767.483
5767.5377
5767.5924
5767.6471
5767.7018
5767.7565
5767.8112
5767.8659
5767.9206
5767.9753
5768.03
5768.0847
5768.1394
5768.1941
5768.2488
5768.3035
5768.3582
5768.4129
5768.4676
5768.5223
5768.577
5768.6317
5768.6864
5768.7411
5768.7958
5768.8505
5768.9052
5768.9599
5769.0146
5769.0693
5769.124
5769.1787
5769.2334
5769.2881
5769.3428
5769.3975
5769.4522
5769.5069
5769.5616
5769.6163
5769.671
5769.7257
5769.7804
5769.8351
5769.8898
5769.9445
5769.9992
5770.0539
5770.1086
5770.1633
5770.218
5770.2727
5770.3274
5770.3821
5770.4368
5770.4915
5770.5462
5770.6009
5770.6556
5770.7103
5770.765
5770.8197
5770.8744
5770.9291
5770.9838
5771.0385
5771.0932
5771.1479
5771.2026
5771.2573
5771.312
5771.3667
5771.4214
5771.4761
5771.5308
5771.5855
5771.6402
5771.6949
5771.7496
5771.8043
5771.859
5771.9137
5771.9684
5772.0231
5772.0778
5772.1325
5772.1872
5772.2419
5772.2966
5772.3513
5772.406
5772.4607
5772.5154
5772.5701
5772.6248
5772.6795
5772.7342
5772.7889
5772.8436
5772.8983
5772.953
5773.0077
5773.0624
5773.1171
5773.1718
5773.2265
5773.2812
5773.3359
5773.3906
5773.4453
5773.5
5773.5547
5773.6094
5773.6641
5773.7188
5773.7735
5773.8282
5773.8829
5773.9376
5773.9923
5774.047
5774.1017
5774.1564
5774.2111
5774.2658
5774.3205
5774.3752
5774.4299
5774.4846
5774.5393
5774.594
5774.6487
5774.7034
5774.7581
5774.8128
5774.8675
5774.9222
5774.9769
5775.0316
5775.0863
5775.141
5775.1957
5775.2504
5775.3051
5775.3598
5775.4145
5775.4692
5775.5239
5775.5786
5775.6333
5775.688
5775.7427
5775.7974
5775.8521
5775.9068
5775.9615
5776.0162
5776.0709
5776.1256
5776.1803
5776.235
5776.2897
5776.3444
5776.3991
5776.4538
5776.5085
5776.5632
5776.6179
5776.6726
5776.7273
5776.782
5776.8367
5776.8914
5776.9461
5777.0008
5777.0555
5777.1102
5777.1649
5777.2196
5777.2743
5777.329
5777.3837
5777.4384
5777.4931
5777.5478
5777.6025
5777.6572
5777.7119
5777.7666
5777.8213
5777.876
5777.9307
5777.9854
5778.0401
5778.0948
5778.1495
5778.2042
5778.2589
5778.3136
5778.3683
5778.423
5778.4777
5778.5324
5778.5871
5778.6418
5778.6965
5778.7512
5778.8059
5778.8606
5778.9153
5778.97
5779.0247
5779.0794
5779.1341
5779.1888
5779.2435
5779.2982
5779.3529
5779.4076
5779.4623
5779.517
5779.5717
5779.6264
5779.6811
5779.7358
5779.7905
5779.8452
5779.8999
5779.9546
5780.0093
5780.064
5780.1187
5780.1734
5780.2281
5780.2828
5780.3375
5780.3922
5780.4469
5780.5016
5780.5563
5780.611
5780.6657
5780.7204
5780.7751
5780.8298
5780.8845
5780.9392
5780.9939
5781.0486
5781.1033
5781.158
5781.2127
5781.2674
5781.3221
5781.3768
5781.4315
5781.4862
5781.5409
5781.5956
5781.6503
5781.705
5781.7597
5781.8144
5781.8691
5781.9238
5781.9785
5782.0332
5782.0879
5782.1426
5782.1973
5782.252
5782.3067
5782.3614
5782.4161
5782.4708
5782.5255
5782.5802
5782.6349
5782.6896
5782.7443
5782.799
5782.8537
5782.9084
5782.9631
5783.0178
5783.0725
5783.1272
5783.1819
5783.2366
5783.2913
5783.346
5783.4007
5783.4554
5783.5101
5783.5648
5783.6195
5783.6742
5783.7289
5783.7836
5783.8383
5783.893
5783.9477
5784.0024
5784.0571
5784.1118
5784.1665
5784.2212
5784.2759
5784.3306
5784.3853
5784.44
5784.4947
5784.5494
5784.6041
5784.6588
5784.7135
5784.7682
5784.8229
5784.8776
5784.9323
5784.987
5785.0417
5785.0964
5785.1511
5785.2058
5785.2605
5785.3152
5785.3699
5785.4246
5785.4793
5785.534
5785.5887
5785.6434
5785.6981
5785.7528
5785.8075
5785.8622
5785.9169
5785.9716
5786.0263
5786.081
5786.1357
5786.1904
5786.2451
5786.2998
5786.3545
5786.4092
5786.4639
5786.5186
5786.5733
5786.628
5786.6827
5786.7374
5786.7921
5786.8468
5786.9015
5786.9562
5787.0109
5787.0656
5787.1203
5787.175
5787.2297
5787.2844
5787.3391
5787.3938
5787.4485
5787.5032
5787.5579
5787.6126
5787.6673
5787.722
5787.7767
5787.8314
5787.8861
5787.9408
5787.9955
5788.0502
5788.1049
5788.1596
5788.2143
5788.269
5788.3237
5788.3784
5788.4331
5788.4878
5788.5425
5788.5972
5788.6519
5788.7066
5788.7613
5788.816
5788.8707
5788.9254
5788.9801
5789.0348
5789.0895
5789.1442
5789.1989
5789.2536
5789.3083
5789.363
5789.4177
5789.4724
5789.5271
5789.5818
5789.6365
5789.6912
5789.7459
5789.8006
5789.8553
5789.91
5789.9647
5790.0194
5790.0741
5790.1288
5790.1835
5790.2382
5790.2929
5790.3476
5790.4023
5790.457
5790.5117
5790.5664
5790.6211
5790.6758
5790.7305
5790.7852
5790.8399
5790.8946
5790.9493
5791.004
5791.0587
5791.1134
5791.1681
5791.2228
5791.2775
5791.3322
5791.3869
5791.4416
5791.4963
5791.551
5791.6057
5791.6604
5791.7151
5791.7698
5791.8245
5791.8792
5791.9339
5791.9886
5792.0433
5792.098
5792.1527
5792.2074
5792.2621
5792.3168
5792.3715
5792.4262
5792.4809
5792.5356
5792.5903
5792.645
5792.6997
5792.7544
5792.8091
5792.8638
5792.9185
5792.9732
5793.0279
5793.0826
5793.1373
5793.192
5793.2467
5793.3014
5793.3561
5793.4108
5793.4655
5793.5202
5793.5749
5793.6296
5793.6843
5793.739
5793.7937
5793.8484
5793.9031
5793.9578
5794.0125
5794.0672
5794.1219
5794.1766
5794.2313
5794.286
5794.3407
5794.3954
5794.4501
5794.5048
5794.5595
5794.6142
5794.6689
5794.7236
5794.7783
5794.833
5794.8877
5794.9424
5794.9971
5795.0518
5795.1065
5795.1612
5795.2159
5795.2706
5795.3253
5795.38
5795.4347
5795.4894
5795.5441
5795.5988
5795.6535
5795.7082
5795.7629
5795.8176
5795.8723
5795.927
5795.9817
5796.0364
5796.0911
5796.1458
5796.2005
5796.2552
5796.3099
5796.3646
5796.4193
5796.474
5796.5287
5796.5834
5796.6381
5796.6928
5796.7475
5796.8022
5796.8569
5796.9116
5796.9663
5797.021
5797.0757
5797.1304
5797.1851
5797.2398
5797.2945
5797.3492
5797.4039
5797.4586
5797.5133
5797.568
5797.6227
5797.6774
5797.7321
5797.7868
5797.8415
5797.8962
5797.9509
5798.0056
5798.0603
5798.115
5798.1697
5798.2244
5798.2791
5798.3338
5798.3885
5798.4432
5798.4979
5798.5526
5798.6073
5798.662
5798.7167
5798.7714
5798.8261
5798.8808
5798.9355
5798.9902
5799.0449
5799.0996
5799.1543
5799.209
5799.2637
5799.3184
5799.3731
5799.4278
5799.4825
5799.5372
5799.5919
5799.6466
5799.7013
5799.756
5799.8107
5799.8654
5799.9201
5799.9748
5800.0295
5800.0842
5800.1389
5800.1936
5800.2483
5800.303
5800.3577
5800.4124
5800.4671
5800.5218
5800.5765
5800.6312
5800.6859
5800.7406
5800.7953
5800.85
5800.9047
5800.9594
5801.0141
5801.0688
5801.1235
5801.1782
5801.2329
5801.2876
5801.3423
5801.397
5801.4517
5801.5064
5801.5611
5801.6158
5801.6705
5801.7252
5801.7799
5801.8346
5801.8893
5801.944
5801.9987
5802.0534
5802.1081
5802.1628
5802.2175
5802.2722
5802.3269
5802.3816
5802.4363
5802.491
5802.5457
5802.6004
5802.6551
5802.7098
5802.7645
5802.8192
5802.8739
5802.9286
5802.9833
5803.038
5803.0927
5803.1474
5803.2021
5803.2568
5803.3115
5803.3662
5803.4209
5803.4756
5803.5303
5803.585
5803.6397
5803.6944
5803.7491
5803.8038
5803.8585
5803.9132
5803.9679
5804.0226
5804.0773
5804.132
5804.1867
5804.2414
5804.2961
5804.3508
5804.4055
5804.4602
5804.5149
5804.5696
5804.6243
5804.679
5804.7337
5804.7884
5804.8431
5804.8978
5804.9525
5805.0072
5805.0619
5805.1166
5805.1713
5805.226
5805.2807
5805.3354
5805.3901
5805.4448
5805.4995
5805.5542
5805.6089
5805.6636
5805.7183
5805.773
5805.8277
5805.8824
5805.9371
5805.9918
5806.0465
5806.1012
5806.1559
5806.2106
5806.2653
5806.32
5806.3747
5806.4294
5806.4841
5806.5388
5806.5935
5806.6482
5806.7029
5806.7576
5806.8123
5806.867
5806.9217
5806.9764
5807.0311
5807.0858
5807.1405
5807.1952
5807.2499
5807.3046
5807.3593
5807.414
5807.4687
5807.5234
5807.5781
5807.6328
5807.6875
5807.7422
5807.7969
5807.8516
5807.9063
5807.961
5808.0157
5808.0704
5808.1251
5808.1798
5808.2345
5808.2892
5808.3439
5808.3986
5808.4533
5808.508
5808.5627
5808.6174
5808.6721
5808.7268
5808.7815
5808.8362
5808.8909
5808.9456
5809.0003
5809.055
5809.1097
5809.1644
5809.2191
5809.2738
5809.3285
5809.3832
5809.4379
5809.4926
5809.5473
5809.602
5809.6567
5809.7114
5809.7661
5809.8208
5809.8755
5809.9302
5809.9849
5810.0396
5810.0943
5810.149
5810.2037
5810.2584
5810.3131
5810.3678
5810.4225
5810.4772
5810.5319
5810.5866
5810.6413
5810.696
5810.7507
5810.8054
5810.8601
5810.9148
5810.9695
5811.0242
5811.0789
5811.1336
5811.1883
5811.243
5811.2977
5811.3524
5811.4071
5811.4618
5811.5165
5811.5712
5811.6259
5811.6806
5811.7353
5811.79
5811.8447
5811.8994
5811.9541
5812.0088
5812.0635
5812.1182
5812.1729
5812.2276
5812.2823
5812.337
5812.3917
5812.4464
5812.5011
5812.5558
5812.6105
5812.6652
5812.7199
5812.7746
5812.8293
5812.884
5812.9387
5812.9934
5813.0481
5813.1028
5813.1575
5813.2122
5813.2669
5813.3216
5813.3763
5813.431
5813.4857
5813.5404
5813.5951
5813.6498
5813.7045
5813.7592
5813.8139
5813.8686
5813.9233
5813.978
5814.0327
5814.0874
5814.1421
5814.1968
5814.2515
5814.3062
5814.3609
5814.4156
5814.4703
5814.525
5814.5797
5814.6344
5814.6891
5814.7438
5814.7985
5814.8532
5814.9079
5814.9626
5815.0173
5815.072
5815.1267
5815.1814
5815.2361
5815.2908
5815.3455
5815.4002
5815.4549
5815.5096
5815.5643
5815.619
5815.6737
5815.7284
5815.7831
5815.8378
5815.8925
5815.9472
5816.0019
5816.0566
5816.1113
5816.166
5816.2207
5816.2754
5816.3301
5816.3848
5816.4395
5816.4942
5816.5489
5816.6036
5816.6583
5816.713
5816.7677
5816.8224
5816.8771
5816.9318
5816.9865
5817.0412
5817.0959
5817.1506
5817.2053
5817.26
5817.3147
5817.3694
5817.4241
5817.4788
5817.5335
5817.5882
5817.6429
5817.6976
5817.7523
5817.807
5817.8617
5817.9164
5817.9711
5818.0258
5818.0805
5818.1352
5818.1899
5818.2446
5818.2993
5818.354
5818.4087
5818.4634
5818.5181
5818.5728
5818.6275
5818.6822
5818.7369
5818.7916
5818.8463
5818.901
5818.9557
5819.0104
5819.0651
5819.1198
5819.1745
5819.2292
5819.2839
5819.3386
5819.3933
5819.448
5819.5027
5819.5574
5819.6121
5819.6668
5819.7215
5819.7762
5819.8309
5819.8856
5819.9403
5819.995
5820.0497
5820.1044
5820.1591
5820.2138
5820.2685
5820.3232
5820.3779
5820.4326
5820.4873
5820.542
5820.5967
5820.6514
5820.7061
5820.7608
5820.8155
5820.8702
5820.9249
5820.9796
5821.0343
5821.089
5821.1437
5821.1984
5821.2531
5821.3078
5821.3625
5821.4172
5821.4719
5821.5266
5821.5813
5821.636
5821.6907
5821.7454
5821.8001
5821.8548
5821.9095
5821.9642
5822.0189
5822.0736
5822.1283
5822.183
5822.2377
5822.2924
5822.3471
5822.4018
5822.4565
5822.5112
5822.5659
5822.6206
5822.6753
5822.73
5822.7847
5822.8394
5822.8941
5822.9488
5823.0035
5823.0582
5823.1129
5823.1676
5823.2223
5823.277
5823.3317
5823.3864
5823.4411
5823.4958
5823.5505
5823.6052
5823.6599
5823.7146
5823.7693
5823.824
5823.8787
5823.9334
5823.9881
5824.0428
5824.0975
5824.1522
5824.2069
5824.2616
5824.3163
5824.371
5824.4257
5824.4804
5824.5351
5824.5898
5824.6445
5824.6992
5824.7539
5824.8086
5824.8633
5824.918
5824.9727
5825.0274
5825.0821
5825.1368
5825.1915
5825.2462
5825.3009
5825.3556
5825.4103
5825.465
5825.5197
5825.5744
5825.6291
5825.6838
5825.7385
5825.7932
5825.8479
5825.9026
5825.9573
5826.012
5826.0667
5826.1214
5826.1761
5826.2308
5826.2855
5826.3402
5826.3949
5826.4496
5826.5043
5826.559
5826.6137
5826.6684
5826.7231
5826.7778
5826.8325
5826.8872
5826.9419
5826.9966
5827.0513
5827.106
5827.1607
5827.2154
5827.2701
5827.3248
5827.3795
5827.4342
5827.4889
5827.5436
5827.5983
5827.653
5827.7077
5827.7624
5827.8171
5827.8718
5827.9265
5827.9812
5828.0359
5828.0906
5828.1453
5828.2
5828.2547
5828.3094
5828.3641
5828.4188
5828.4735
5828.5282
5828.5829
5828.6376
5828.6923
5828.747
5828.8017
5828.8564
5828.9111
5828.9658
5829.0205
5829.0752
5829.1299
5829.1846
5829.2393
5829.294
5829.3487
5829.4034
5829.4581
5829.5128
5829.5675
5829.6222
5829.6769
5829.7316
5829.7863
5829.841
5829.8957
5829.9504
5830.0051
5830.0598
5830.1145
5830.1692
5830.2239
5830.2786
5830.3333
5830.388
5830.4427
5830.4974
5830.5521
5830.6068
5830.6615
5830.7162
5830.7709
5830.8256
5830.8803
5830.935
5830.9897
5831.0444
5831.0991
5831.1538
5831.2085
5831.2632
5831.3179
5831.3726
5831.4273
5831.482
5831.5367
5831.5914
5831.6461
5831.7008
5831.7555
5831.8102
5831.8649
5831.9196
5831.9743
5832.029
5832.0837
5832.1384
5832.1931
5832.2478
5832.3025
5832.3572
5832.4119
5832.4666
5832.5213
5832.576
5832.6307
5832.6854
5832.7401
5832.7948
5832.8495
5832.9042
5832.9589
5833.0136
5833.0683
5833.123
5833.1777
5833.2324
5833.2871
5833.3418
5833.3965
5833.4512
5833.5059
5833.5606
5833.6153
5833.67
5833.7247
5833.7794
5833.8341
5833.8888
5833.9435
5833.9982
5834.0529
5834.1076
5834.1623
5834.217
5834.2717
5834.3264
5834.3811
5834.4358
5834.4905
5834.5452
5834.5999
5834.6546
5834.7093
5834.764
5834.8187
5834.8734
5834.9281
5834.9828
5835.0375
5835.0922
5835.1469
5835.2016
5835.2563
5835.311
5835.3657
5835.4204
5835.4751
5835.5298
5835.5845
5835.6392
5835.6939
5835.7486
5835.8033
5835.858
5835.9127
5835.9674
5836.0221
5836.0768
5836.1315
5836.1862
5836.2409
5836.2956
5836.3503
5836.405
5836.4597
5836.5144
5836.5691
5836.6238
5836.6785
5836.7332
5836.7879
5836.8426
5836.8973
5836.952
5837.0067
5837.0614
5837.1161
5837.1708
5837.2255
5837.2802
5837.3349
5837.3896
5837.4443
5837.499
5837.5537
5837.6084
5837.6631
5837.7178
5837.7725
5837.8272
5837.8819
5837.9366
5837.9913
5838.046
5838.1007
5838.1554
5838.2101
5838.2648
5838.3195
5838.3742
5838.4289
5838.4836
5838.5383
5838.593
5838.6477
5838.7024
5838.7571
5838.8118
5838.8665
5838.9212
5838.9759
5839.0306
5839.0853
5839.14
5839.1947
5839.2494
5839.3041
5839.3588
5839.4135
5839.4682
5839.5229
5839.5776
5839.6323
5839.687
5839.7417
5839.7964
5839.8511
5839.9058
5839.9605
5840.0152
5840.0699
5840.1246
5840.1793
5840.234
5840.2887
5840.3434
5840.3981
5840.4528
5840.5075
5840.5622
5840.6169
5840.6716
5840.7263
5840.781
5840.8357
5840.8904
5840.9451
5840.9998
5841.0545
5841.1092
5841.1639
5841.2186
5841.2733
5841.328
5841.3827
5841.4374
5841.4921
5841.5468
5841.6015
5841.6562
5841.7109
5841.7656
5841.8203
5841.875
5841.9297
5841.9844
5842.0391
5842.0938
5842.1485
5842.2032
5842.2579
5842.3126
5842.3673
5842.422
5842.4767
5842.5314
5842.5861
5842.6408
5842.6955
5842.7502
5842.8049
5842.8596
5842.9143
5842.969
5843.0237
5843.0784
5843.1331
5843.1878
5843.2425
5843.2972
5843.3519
5843.4066
5843.4613
5843.516
5843.5707
5843.6254
5843.6801
5843.7348
5843.7895
5843.8442
5843.8989
5843.9536
5844.0083
5844.063
5844.1177
5844.1724
5844.2271
5844.2818
5844.3365
5844.3912
5844.4459
5844.5006
5844.5553
5844.61
5844.6647
5844.7194
5844.7741
5844.8288
5844.8835
5844.9382
5844.9929
5845.0476
5845.1023
5845.157
5845.2117
5845.2664
5845.3211
5845.3758
5845.4305
5845.4852
5845.5399
5845.5946
5845.6493
5845.704
5845.7587
5845.8134
5845.8681
5845.9228
5845.9775
5846.0322
5846.0869
5846.1416
5846.1963
5846.251
5846.3057
5846.3604
5846.4151
5846.4698
5846.5245
5846.5792
5846.6339
5846.6886
5846.7433
5846.798
5846.8527
5846.9074
5846.9621
5847.0168
5847.0715
5847.1262
5847.1809
5847.2356
5847.2903
5847.345
5847.3997
5847.4544
5847.5091
5847.5638
5847.6185
5847.6732
5847.7279
5847.7826
5847.8373
5847.892
5847.9467
5848.0014
5848.0561
5848.1108
5848.1655
5848.2202
5848.2749
5848.3296
5848.3843
5848.439
5848.4937
5848.5484
5848.6031
5848.6578
5848.7125
5848.7672
5848.8219
5848.8766
5848.9313
5848.986
5849.0407
5849.0954
5849.1501
5849.2048
5849.2595
5849.3142
5849.3689
5849.4236
5849.4783
5849.533
5849.5877
5849.6424
5849.6971
5849.7518
5849.8065
5849.8612
5849.9159
5849.9706
5850.0253
5850.08
5850.1347
5850.1894
5850.2441
5850.2988
5850.3535
5850.4082
5850.4629
5850.5176
5850.5723
5850.627
5850.6817
5850.7364
5850.7911
5850.8458
5850.9005
5850.9552
5851.0099
5851.0646
5851.1193
5851.174
5851.2287
5851.2834
5851.3381
5851.3928
5851.4475
5851.5022
5851.5569
5851.6116
5851.6663
5851.721
5851.7757
5851.8304
5851.8851
5851.9398
5851.9945
5852.0492
5852.1039
5852.1586
5852.2133
5852.268
5852.3227
5852.3774
5852.4321
5852.4868
5852.5415
5852.5962
5852.6509
5852.7056
5852.7603
5852.815
5852.8697
5852.9244
5852.9791
5853.0338
5853.0885
5853.1432
5853.1979
5853.2526
5853.3073
5853.362
5853.4167
5853.4714
5853.5261
5853.5808
5853.6355
5853.6902
5853.7449
5853.7996
5853.8543
5853.909
5853.9637
5854.0184
5854.0731
5854.1278
5854.1825
5854.2372
5854.2919
5854.3466
5854.4013
5854.456
5854.5107
5854.5654
5854.6201
5854.6748
5854.7295
5854.7842
5854.8389
5854.8936
5854.9483
5855.003
5855.0577
5855.1124
5855.1671
5855.2218
5855.2765
5855.3312
5855.3859
5855.4406
5855.4953
5855.55
5855.6047
5855.6594
5855.7141
5855.7688
5855.8235
5855.8782
5855.9329
5855.9876
5856.0423
5856.097
5856.1517
5856.2064
5856.2611
5856.3158
5856.3705
5856.4252
5856.4799
5856.5346
5856.5893
5856.644
5856.6987
5856.7534
5856.8081
5856.8628
5856.9175
5856.9722
5857.0269
5857.0816
5857.1363
5857.191
5857.2457
5857.3004
5857.3551
5857.4098
5857.4645
5857.5192
5857.5739
5857.6286
5857.6833
5857.738
5857.7927
5857.8474
5857.9021
5857.9568
5858.0115
5858.0662
5858.1209
5858.1756
5858.2303
5858.285
5858.3397
5858.3944
5858.4491
5858.5038
5858.5585
5858.6132
5858.6679
5858.7226
5858.7773
5858.832
5858.8867
5858.9414
5858.9961
5859.0508
5859.1055
5859.1602
5859.2149
5859.2696
5859.3243
5859.379
5859.4337
5859.4884
5859.5431
5859.5978
5859.6525
5859.7072
5859.7619
5859.8166
5859.8713
5859.926
5859.9807
5860.0354
5860.0901
5860.1448
5860.1995
5860.2542
5860.3089
5860.3636
5860.4183
5860.473
5860.5277
5860.5824
5860.6371
5860.6918
5860.7465
5860.8012
5860.8559
5860.9106
5860.9653
5861.02
5861.0747
5861.1294
5861.1841
5861.2388
5861.2935
5861.3482
5861.4029
5861.4576
5861.5123
5861.567
5861.6217
5861.6764
5861.7311
5861.7858
5861.8405
5861.8952
5861.9499
5862.0046
5862.0593
5862.114
5862.1687
5862.2234
5862.2781
5862.3328
5862.3875
5862.4422
5862.4969
5862.5516
5862.6063
5862.661
5862.7157
5862.7704
5862.8251
5862.8798
5862.9345
5862.9892
5863.0439
5863.0986
5863.1533
5863.208
5863.2627
5863.3174
5863.3721
5863.4268
5863.4815
5863.5362
5863.5909
5863.6456
5863.7003
5863.755
5863.8097
5863.8644
5863.9191
5863.9738
5864.0285
5864.0832
5864.1379
5864.1926
5864.2473
5864.302
5864.3567
5864.4114
5864.4661
5864.5208
5864.5755
5864.6302
5864.6849
5864.7396
5864.7943
5864.849
5864.9037
5864.9584
5865.0131
5865.0678
5865.1225
5865.1772
5865.2319
5865.2866
5865.3413
5865.396
5865.4507
5865.5054
5865.5601
5865.6148
5865.6695
5865.7242
5865.7789
5865.8336
5865.8883
5865.943
5865.9977
5866.0524
5866.1071
5866.1618
5866.2165
5866.2712
5866.3259
5866.3806
5866.4353
5866.49
5866.5447
5866.5994
5866.6541
5866.7088
5866.7635
5866.8182
5866.8729
5866.9276
5866.9823
5867.037
5867.0917
5867.1464
5867.2011
5867.2558
5867.3105
5867.3652
5867.4199
5867.4746
5867.5293
5867.584
5867.6387
5867.6934
5867.7481
5867.8028
5867.8575
5867.9122
5867.9669
5868.0216
5868.0763
5868.131
5868.1857
5868.2404
5868.2951
5868.3498
5868.4045
5868.4592
5868.5139
5868.5686
5868.6233
5868.678
5868.7327
5868.7874
5868.8421
5868.8968
5868.9515
5869.0062
5869.0609
5869.1156
5869.1703
5869.225
5869.2797
5869.3344
5869.3891
5869.4438
5869.4985
5869.5532
5869.6079
5869.6626
5869.7173
5869.772
5869.8267
5869.8814
5869.9361
5869.9908
5870.0455
5870.1002
5870.1549
5870.2096
5870.2643
5870.319
5870.3737
5870.4284
5870.4831
5870.5378
5870.5925
5870.6472
5870.7019
5870.7566
5870.8113
5870.866
5870.9207
5870.9754
5871.0301
5871.0848
5871.1395
5871.1942
5871.2489
5871.3036
5871.3583
5871.413
5871.4677
5871.5224
5871.5771
5871.6318
5871.6865
5871.7412
5871.7959
5871.8506
5871.9053
5871.96
5872.0147
5872.0694
5872.1241
5872.1788
5872.2335
5872.2882
5872.3429
5872.3976
5872.4523
5872.507
5872.5617
5872.6164
5872.6711
5872.7258
5872.7805
5872.8352
5872.8899
5872.9446
5872.9993
5873.054
5873.1087
5873.1634
5873.2181
5873.2728
5873.3275
5873.3822
5873.4369
5873.4916
5873.5463
5873.601
5873.6557
5873.7104
5873.7651
5873.8198
5873.8745
5873.9292
5873.9839
5874.0386
5874.0933
5874.148
5874.2027
5874.2574
5874.3121
5874.3668
5874.4215
5874.4762
5874.5309
5874.5856
5874.6403
5874.695
5874.7497
5874.8044
5874.8591
5874.9138
5874.9685
5875.0232
5875.0779
5875.1326
5875.1873
5875.242
5875.2967
5875.3514
5875.4061
5875.4608
5875.5155
5875.5702
5875.6249
5875.6796
5875.7343
5875.789
5875.8437
5875.8984
5875.9531
5876.0078
5876.0625
5876.1172
5876.1719
5876.2266
5876.2813
5876.336
5876.3907
5876.4454
5876.5001
5876.5548
5876.6095
5876.6642
5876.7189
5876.7736
5876.8283
5876.883
5876.9377
5876.9924
5877.0471
5877.1018
5877.1565
5877.2112
5877.2659
5877.3206
5877.3753
5877.43
5877.4847
5877.5394
5877.5941
5877.6488
5877.7035
5877.7582
5877.8129
5877.8676
5877.9223
5877.977
5878.0317
5878.0864
5878.1411
5878.1958
5878.2505
5878.3052
5878.3599
5878.4146
5878.4693
5878.524
5878.5787
5878.6334
5878.6881
5878.7428
5878.7975
5878.8522
5878.9069
5878.9616
5879.0163
5879.071
5879.1257
5879.1804
5879.2351
5879.2898
5879.3445
5879.3992
5879.4539
5879.5086
5879.5633
5879.618
5879.6727
5879.7274
5879.7821
5879.8368
5879.8915
5879.9462
5880.0009
5880.0556
5880.1103
5880.165
5880.2197
5880.2744
5880.3291
5880.3838
5880.4385
5880.4932
5880.5479
5880.6026
5880.6573
5880.712
5880.7667
5880.8214
5880.8761
5880.9308
5880.9855
5881.0402
5881.0949
5881.1496
5881.2043
5881.259
5881.3137
5881.3684
5881.4231
5881.4778
5881.5325
5881.5872
5881.6419
5881.6966
5881.7513
5881.806
5881.8607
5881.9154
5881.9701
5882.0248
5882.0795
5882.1342
5882.1889
5882.2436
5882.2983
5882.353
5882.4077
5882.4624
5882.5171
5882.5718
5882.6265
5882.6812
5882.7359
5882.7906
5882.8453
5882.9
5882.9547
5883.0094
5883.0641
5883.1188
5883.1735
5883.2282
5883.2829
5883.3376
5883.3923
5883.447
5883.5017
5883.5564
5883.6111
5883.6658
5883.7205
5883.7752
5883.8299
5883.8846
5883.9393
5883.994
5884.0487
5884.1034
5884.1581
5884.2128
5884.2675
5884.3222
5884.3769
5884.4316
5884.4863
5884.541
5884.5957
5884.6504
5884.7051
5884.7598
5884.8145
5884.8692
5884.9239
5884.9786
5885.0333
5885.088
5885.1427
5885.1974
5885.2521
5885.3068
5885.3615
5885.4162
5885.4709
5885.5256
5885.5803
5885.635
5885.6897
5885.7444
5885.7991
5885.8538
5885.9085
5885.9632
5886.0179
5886.0726
5886.1273
5886.182
5886.2367
5886.2914
5886.3461
5886.4008
5886.4555
5886.5102
5886.5649
5886.6196
5886.6743
5886.729
5886.7837
5886.8384
5886.8931
5886.9478
5887.0025
5887.0572
5887.1119
5887.1666
5887.2213
5887.276
5887.3307
5887.3854
5887.4401
5887.4948
5887.5495
5887.6042
5887.6589
5887.7136
5887.7683
5887.823
5887.8777
5887.9324
5887.9871
5888.0418
5888.0965
5888.1512
5888.2059
5888.2606
5888.3153
5888.37
5888.4247
5888.4794
5888.5341
5888.5888
5888.6435
5888.6982
5888.7529
5888.8076
5888.8623
5888.917
5888.9717
5889.0264
5889.0811
5889.1358
5889.1905
5889.2452
5889.2999
5889.3546
5889.4093
5889.464
5889.5187
5889.5734
5889.6281
5889.6828
5889.7375
5889.7922
5889.8469
5889.9016
5889.9563
5890.011
5890.0657
5890.1204
5890.1751
5890.2298
5890.2845
5890.3392
5890.3939
5890.4486
5890.5033
5890.558
5890.6127
5890.6674
5890.7221
5890.7768
5890.8315
5890.8862
5890.9409
5890.9956
5891.0503
5891.105
5891.1597
5891.2144
5891.2691
5891.3238
5891.3785
5891.4332
5891.4879
5891.5426
5891.5973
5891.652
5891.7067
5891.7614
5891.8161
5891.8708
5891.9255
5891.9802
5892.0349
5892.0896
5892.1443
5892.199
5892.2537
5892.3084
5892.3631
5892.4178
5892.4725
5892.5272
5892.5819
5892.6366
5892.6913
5892.746
5892.8007
5892.8554
5892.9101
5892.9648
5893.0195
5893.0742
5893.1289
5893.1836
5893.2383
5893.293
5893.3477
5893.4024
5893.4571
5893.5118
5893.5665
5893.6212
5893.6759
5893.7306
5893.7853
5893.84
5893.8947
5893.9494
5894.0041
5894.0588
5894.1135
5894.1682
5894.2229
5894.2776
5894.3323
5894.387
5894.4417
5894.4964
5894.5511
5894.6058
5894.6605
5894.7152
5894.7699
5894.8246
5894.8793
5894.934
5894.9887
5895.0434
5895.0981
5895.1528
5895.2075
5895.2622
5895.3169
5895.3716
5895.4263
5895.481
5895.5357
5895.5904
5895.6451
5895.6998
5895.7545
5895.8092
5895.8639
5895.9186
5895.9733
5896.028
5896.0827
5896.1374
5896.1921
5896.2468
5896.3015
5896.3562
5896.4109
5896.4656
5896.5203
5896.575
5896.6297
5896.6844
5896.7391
5896.7938
5896.8485
5896.9032
5896.9579
5897.0126
5897.0673
5897.122
5897.1767
5897.2314
5897.2861
5897.3408
5897.3955
5897.4502
5897.5049
5897.5596
5897.6143
5897.669
5897.7237
5897.7784
5897.8331
5897.8878
5897.9425
5897.9972
5898.0519
5898.1066
5898.1613
5898.216
5898.2707
5898.3254
5898.3801
5898.4348
5898.4895
5898.5442
5898.5989
5898.6536
5898.7083
5898.763
5898.8177
5898.8724
5898.9271
5898.9818
5899.0365
5899.0912
5899.1459
5899.2006
5899.2553
5899.31
5899.3647
5899.4194
5899.4741
5899.5288
5899.5835
5899.6382
5899.6929
5899.7476
5899.8023
5899.857
5899.9117
5899.9664
5900.0211
5900.0758
5900.1305
5900.1852
5900.2399
5900.2946
5900.3493
5900.404
5900.4587
5900.5134
5900.5681
5900.6228
5900.6775
5900.7322
5900.7869
5900.8416
5900.8963
5900.951
5901.0057
5901.0604
5901.1151
5901.1698
5901.2245
5901.2792
5901.3339
5901.3886
5901.4433
5901.498
5901.5527
5901.6074
5901.6621
5901.7168
5901.7715
5901.8262
5901.8809
5901.9356
5901.9903
5902.045
5902.0997
5902.1544
5902.2091
5902.2638
5902.3185
5902.3732
5902.4279
5902.4826
5902.5373
5902.592
5902.6467
5902.7014
5902.7561
5902.8108
5902.8655
5902.9202
5902.9749
5903.0296
5903.0843
5903.139
5903.1937
5903.2484
5903.3031
5903.3578
5903.4125
5903.4672
5903.5219
5903.5766
5903.6313
5903.686
5903.7407
5903.7954
5903.8501
5903.9048
5903.9595
5904.0142
5904.0689
5904.1236
5904.1783
5904.233
5904.2877
5904.3424
5904.3971
5904.4518
5904.5065
5904.5612
5904.6159
5904.6706
5904.7253
5904.78
5904.8347
5904.8894
5904.9441
5904.9988
5905.0535
5905.1082
5905.1629
5905.2176
5905.2723
5905.327
5905.3817
5905.4364
5905.4911
5905.5458
5905.6005
5905.6552
5905.7099
5905.7646
5905.8193
5905.874
5905.9287
5905.9834
5906.0381
5906.0928
5906.1475
5906.2022
5906.2569
5906.3116
5906.3663
5906.421
5906.4757
5906.5304
5906.5851
5906.6398
5906.6945
5906.7492
5906.8039
5906.8586
5906.9133
5906.968
5907.0227
5907.0774
5907.1321
5907.1868
5907.2415
5907.2962
5907.3509
5907.4056
5907.4603
5907.515
5907.5697
5907.6244
5907.6791
5907.7338
5907.7885
5907.8432
5907.8979
5907.9526
5908.0073
5908.062
5908.1167
5908.1714
5908.2261
5908.2808
5908.3355
5908.3902
5908.4449
5908.4996
5908.5543
5908.609
5908.6637
5908.7184
5908.7731
5908.8278
5908.8825
5908.9372
5908.9919
5909.0466
5909.1013
5909.156
5909.2107
5909.2654
5909.3201
5909.3748
5909.4295
5909.4842
5909.5389
5909.5936
5909.6483
5909.703
5909.7577
5909.8124
5909.8671
5909.9218
5909.9765
5910.0312
5910.0859
5910.1406
5910.1953
5910.25
5910.3047
5910.3594
5910.4141
5910.4688
5910.5235
5910.5782
5910.6329
5910.6876
5910.7423
5910.797
5910.8517
5910.9064
5910.9611
5911.0158
5911.0705
5911.1252
5911.1799
5911.2346
5911.2893
5911.344
5911.3987
5911.4534
5911.5081
5911.5628
5911.6175
5911.6722
5911.7269
5911.7816
5911.8363
5911.891
5911.9457
5912.0004
5912.0551
5912.1098
5912.1645
5912.2192
5912.2739
5912.3286
5912.3833
5912.438
5912.4927
5912.5474
5912.6021
5912.6568
5912.7115
5912.7662
5912.8209
5912.8756
5912.9303
5912.985
5913.0397
5913.0944
5913.1491
5913.2038
5913.2585
5913.3132
5913.3679
5913.4226
5913.4773
5913.532
5913.5867
5913.6414
5913.6961
5913.7508
5913.8055
5913.8602
5913.9149
5913.9696
5914.0243
5914.079
5914.1337
5914.1884
5914.2431
5914.2978
5914.3525
5914.4072
5914.4619
5914.5166
5914.5713
5914.626
5914.6807
5914.7354
5914.7901
5914.8448
5914.8995
5914.9542
5915.0089
5915.0636
5915.1183
5915.173
5915.2277
5915.2824
5915.3371
5915.3918
5915.4465
5915.5012
5915.5559
5915.6106
5915.6653
5915.72
5915.7747
5915.8294
5915.8841
5915.9388
5915.9935
5916.0482
5916.1029
5916.1576
5916.2123
5916.267
5916.3217
5916.3764
5916.4311
5916.4858
5916.5405
5916.5952
5916.6499
5916.7046
5916.7593
5916.814
5916.8687
5916.9234
5916.9781
5917.0328
5917.0875
5917.1422
5917.1969
5917.2516
5917.3063
5917.361
5917.4157
5917.4704
5917.5251
5917.5798
5917.6345
5917.6892
5917.7439
5917.7986
5917.8533
5917.908
5917.9627
5918.0174
5918.0721
5918.1268
5918.1815
5918.2362
5918.2909
5918.3456
5918.4003
5918.455
5918.5097
5918.5644
5918.6191
5918.6738
5918.7285
5918.7832
5918.8379
5918.8926
5918.9473
5919.002
5919.0567
5919.1114
5919.1661
5919.2208
5919.2755
5919.3302
5919.3849
5919.4396
5919.4943
5919.549
5919.6037
5919.6584
5919.7131
5919.7678
5919.8225
5919.8772
5919.9319
5919.9866
5920.0413
5920.096
5920.1507
5920.2054
5920.2601
5920.3148
5920.3695
5920.4242
5920.4789
5920.5336
5920.5883
5920.643
5920.6977
5920.7524
5920.8071
5920.8618
5920.9165
5920.9712
5921.0259
5921.0806
5921.1353
5921.19
5921.2447
5921.2994
5921.3541
5921.4088
5921.4635
5921.5182
5921.5729
5921.6276
5921.6823
5921.737
5921.7917
5921.8464
5921.9011
5921.9558
5922.0105
5922.0652
5922.1199
5922.1746
5922.2293
5922.284
5922.3387
5922.3934
5922.4481
5922.5028
5922.5575
5922.6122
5922.6669
5922.7216
5922.7763
5922.831
5922.8857
5922.9404
5922.9951
5923.0498
5923.1045
5923.1592
5923.2139
5923.2686
5923.3233
5923.378
5923.4327
5923.4874
5923.5421
5923.5968
5923.6515
5923.7062
5923.7609
5923.8156
5923.8703
5923.925
5923.9797
5924.0344
5924.0891
5924.1438
5924.1985
5924.2532
5924.3079
5924.3626
5924.4173
5924.472
5924.5267
5924.5814
5924.6361
5924.6908
5924.7455
5924.8002
5924.8549
5924.9096
5924.9643
5925.019
5925.0737
5925.1284
5925.1831
5925.2378
5925.2925
5925.3472
5925.4019
5925.4566
5925.5113
5925.566
5925.6207
5925.6754
5925.7301
5925.7848
5925.8395
5925.8942
5925.9489
5926.0036
5926.0583
5926.113
5926.1677
5926.2224
5926.2771
5926.3318
5926.3865
5926.4412
5926.4959
5926.5506
5926.6053
5926.66
5926.7147
5926.7694
5926.8241
5926.8788
5926.9335
5926.9882
5927.0429
5927.0976
5927.1523
5927.207
5927.2617
5927.3164
5927.3711
5927.4258
5927.4805
5927.5352
5927.5899
5927.6446
5927.6993
5927.754
5927.8087
5927.8634
5927.9181
5927.9728
5928.0275
5928.0822
5928.1369
5928.1916
5928.2463
5928.301
5928.3557
5928.4104
5928.4651
5928.5198
5928.5745
5928.6292
5928.6839
5928.7386
5928.7933
5928.848
5928.9027
5928.9574
5929.0121
5929.0668
5929.1215
5929.1762
5929.2309
5929.2856
5929.3403
5929.395
5929.4497
5929.5044
5929.5591
5929.6138
5929.6685
5929.7232
5929.7779
5929.8326
5929.8873
5929.942
5929.9967
5930.0514
5930.1061
5930.1608
5930.2155
5930.2702
5930.3249
5930.3796
5930.4343
5930.489
5930.5437
5930.5984
5930.6531
5930.7078
5930.7625
5930.8172
5930.8719
5930.9266
5930.9813
5931.036
5931.0907
5931.1454
5931.2001
5931.2548
5931.3095
5931.3642
5931.4189
5931.4736
5931.5283
5931.583
5931.6377
5931.6924
5931.7471
5931.8018
5931.8565
5931.9112
5931.9659
5932.0206
5932.0753
5932.13
5932.1847
5932.2394
5932.2941
5932.3488
5932.4035
5932.4582
5932.5129
5932.5676
5932.6223
5932.677
5932.7317
5932.7864
5932.8411
5932.8958
5932.9505
5933.0052
5933.0599
5933.1146
5933.1693
5933.224
5933.2787
5933.3334
5933.3881
5933.4428
5933.4975
5933.5522
5933.6069
5933.6616
5933.7163
5933.771
5933.8257
5933.8804
5933.9351
5933.9898
5934.0445
5934.0992
5934.1539
5934.2086
5934.2633
5934.318
5934.3727
5934.4274
5934.4821
5934.5368
5934.5915
5934.6462
5934.7009
5934.7556
5934.8103
5934.865
5934.9197
5934.9744
5935.0291
5935.0838
5935.1385
5935.1932
5935.2479
5935.3026
5935.3573
5935.412
5935.4667
5935.5214
5935.5761
5935.6308
5935.6855
5935.7402
5935.7949
5935.8496
5935.9043
5935.959
5936.0137
5936.0684
5936.1231
5936.1778
5936.2325
5936.2872
5936.3419
5936.3966
5936.4513
5936.506
5936.5607
5936.6154
5936.6701
5936.7248
5936.7795
5936.8342
5936.8889
5936.9436
5936.9983
5937.053
5937.1077
5937.1624
5937.2171
5937.2718
5937.3265
5937.3812
5937.4359
5937.4906
5937.5453
5937.6
5937.6547
5937.7094
5937.7641
5937.8188
5937.8735
5937.9282
5937.9829
5938.0376
5938.0923
5938.147
5938.2017
5938.2564
5938.3111
5938.3658
5938.4205
5938.4752
5938.5299
5938.5846
5938.6393
5938.694
5938.7487
5938.8034
5938.8581
5938.9128
5938.9675
5939.0222
5939.0769
5939.1316
5939.1863
5939.241
5939.2957
5939.3504
5939.4051
5939.4598
5939.5145
5939.5692
5939.6239
5939.6786
5939.7333
5939.788
5939.8427
5939.8974
5939.9521
5940.0068
5940.0615
5940.1162
5940.1709
5940.2256
5940.2803
5940.335
5940.3897
5940.4444
5940.4991
5940.5538
5940.6085
5940.6632
5940.7179
5940.7726
5940.8273
5940.882
5940.9367
5940.9914
5941.0461
5941.1008
5941.1555
5941.2102
5941.2649
5941.3196
5941.3743
5941.429
5941.4837
5941.5384
5941.5931
5941.6478
5941.7025
5941.7572
5941.8119
5941.8666
5941.9213
5941.976
5942.0307
5942.0854
5942.1401
5942.1948
5942.2495
5942.3042
5942.3589
5942.4136
5942.4683
5942.523
5942.5777
5942.6324
5942.6871
5942.7418
5942.7965
5942.8512
5942.9059
5942.9606
5943.0153
5943.07
5943.1247
5943.1794
5943.2341
5943.2888
5943.3435
5943.3982
5943.4529
5943.5076
5943.5623
5943.617
5943.6717
5943.7264
5943.7811
5943.8358
5943.8905
5943.9452
5943.9999
5944.0546
5944.1093
5944.164
5944.2187
5944.2734
5944.3281
5944.3828
5944.4375
5944.4922
5944.5469
5944.6016
5944.6563
5944.711
5944.7657
5944.8204
5944.8751
5944.9298
5944.9845
5945.0392
5945.0939
5945.1486
5945.2033
5945.258
5945.3127
5945.3674
5945.4221
5945.4768
5945.5315
5945.5862
5945.6409
5945.6956
5945.7503
5945.805
5945.8597
5945.9144
5945.9691
5946.0238
5946.0785
5946.1332
5946.1879
5946.2426
5946.2973
5946.352
5946.4067
5946.4614
5946.5161
5946.5708
5946.6255
5946.6802
5946.7349
5946.7896
5946.8443
5946.899
5946.9537
5947.0084
5947.0631
5947.1178
5947.1725
5947.2272
5947.2819
5947.3366
5947.3913
5947.446
5947.5007
5947.5554
5947.6101
5947.6648
5947.7195
5947.7742
5947.8289
5947.8836
5947.9383
5947.993
5948.0477
5948.1024
5948.1571
5948.2118
5948.2665
5948.3212
5948.3759
5948.4306
5948.4853
5948.54
5948.5947
5948.6494
5948.7041
5948.7588
5948.8135
5948.8682
5948.9229
5948.9776
5949.0323
5949.087
5949.1417
5949.1964
5949.2511
5949.3058
5949.3605
5949.4152
5949.4699
5949.5246
5949.5793
5949.634
5949.6887
5949.7434
5949.7981
5949.8528
5949.9075
5949.9622
5950.0169
5950.0716
5950.1263
5950.181
5950.2357
5950.2904
5950.3451
5950.3998
5950.4545
5950.5092
5950.5639
5950.6186
5950.6733
5950.728
5950.7827
5950.8374
5950.8921
5950.9468
5951.0015
5951.0562
5951.1109
5951.1656
5951.2203
5951.275
5951.3297
5951.3844
5951.4391
5951.4938
5951.5485
5951.6032
5951.6579
5951.7126
5951.7673
5951.822
5951.8767
5951.9314
5951.9861
5952.0408
5952.0955
5952.1502
5952.2049
5952.2596
5952.3143
5952.369
5952.4237
5952.4784
5952.5331
5952.5878
5952.6425
5952.6972
5952.7519
5952.8066
5952.8613
5952.916
5952.9707
5953.0254
5953.0801
5953.1348
5953.1895
5953.2442
5953.2989
5953.3536
5953.4083
5953.463
5953.5177
5953.5724
5953.6271
5953.6818
5953.7365
5953.7912
5953.8459
5953.9006
5953.9553
5954.01
5954.0647
5954.1194
5954.1741
5954.2288
5954.2835
5954.3382
5954.3929
5954.4476
5954.5023
5954.557
5954.6117
5954.6664
5954.7211
5954.7758
5954.8305
5954.8852
5954.9399
5954.9946
5955.0493
5955.104
5955.1587
5955.2134
5955.2681
5955.3228
5955.3775
5955.4322
5955.4869
5955.5416
5955.5963
5955.651
5955.7057
5955.7604
5955.8151
5955.8698
5955.9245
5955.9792
5956.0339
5956.0886
5956.1433
5956.198
5956.2527
5956.3074
5956.3621
5956.4168
5956.4715
5956.5262
5956.5809
5956.6356
5956.6903
5956.745
5956.7997
5956.8544
5956.9091
5956.9638
5957.0185
5957.0732
5957.1279
5957.1826
5957.2373
5957.292
5957.3467
5957.4014
5957.4561
5957.5108
5957.5655
5957.6202
5957.6749
5957.7296
5957.7843
5957.839
5957.8937
5957.9484
5958.0031
5958.0578
5958.1125
5958.1672
5958.2219
5958.2766
5958.3313
5958.386
5958.4407
5958.4954
5958.5501
5958.6048
5958.6595
5958.7142
5958.7689
5958.8236
5958.8783
5958.933
5958.9877
5959.0424
5959.0971
5959.1518
5959.2065
5959.2612
5959.3159
5959.3706
5959.4253
5959.48
5959.5347
5959.5894
5959.6441
5959.6988
5959.7535
5959.8082
5959.8629
5959.9176
5959.9723
5960.027
5960.0817
5960.1364
5960.1911
5960.2458
5960.3005
5960.3552
5960.4099
5960.4646
5960.5193
5960.574
5960.6287
5960.6834
5960.7381
5960.7928
5960.8475
5960.9022
5960.9569
5961.0116
5961.0663
5961.121
5961.1757
5961.2304
5961.2851
5961.3398
5961.3945
5961.4492
5961.5039
5961.5586
5961.6133
5961.668
5961.7227
5961.7774
5961.8321
5961.8868
5961.9415
5961.9962
5962.0509
5962.1056
5962.1603
5962.215
5962.2697
5962.3244
5962.3791
5962.4338
5962.4885
5962.5432
5962.5979
5962.6526
5962.7073
5962.762
5962.8167
5962.8714
5962.9261
5962.9808
5963.0355
5963.0902
5963.1449
5963.1996
5963.2543
5963.309
5963.3637
5963.4184
5963.4731
5963.5278
5963.5825
5963.6372
5963.6919
5963.7466
5963.8013
5963.856
5963.9107
5963.9654
5964.0201
5964.0748
5964.1295
5964.1842
5964.2389
5964.2936
5964.3483
5964.403
5964.4577
5964.5124
5964.5671
5964.6218
5964.6765
5964.7312
5964.7859
5964.8406
5964.8953
5964.95
5965.0047
5965.0594
5965.1141
5965.1688
5965.2235
5965.2782
5965.3329
5965.3876
5965.4423
5965.497
5965.5517
5965.6064
5965.6611
5965.7158
5965.7705
5965.8252
5965.8799
5965.9346
5965.9893
5966.044
5966.0987
5966.1534
5966.2081
5966.2628
5966.3175
5966.3722
5966.4269
5966.4816
5966.5363
5966.591
5966.6457
5966.7004
5966.7551
5966.8098
5966.8645
5966.9192
5966.9739
5967.0286
5967.0833
5967.138
5967.1927
5967.2474
5967.3021
5967.3568
5967.4115
5967.4662
5967.5209
5967.5756
5967.6303
5967.685
5967.7397
5967.7944
5967.8491
5967.9038
5967.9585
5968.0132
5968.0679
5968.1226
5968.1773
5968.232
5968.2867
5968.3414
5968.3961
5968.4508
5968.5055
5968.5602
5968.6149
5968.6696
5968.7243
5968.779
5968.8337
5968.8884
5968.9431
5968.9978
5969.0525
5969.1072
5969.1619
5969.2166
5969.2713
5969.326
5969.3807
5969.4354
5969.4901
5969.5448
5969.5995
5969.6542
5969.7089
5969.7636
5969.8183
5969.873
5969.9277
5969.9824
5970.0371
5970.0918
5970.1465
5970.2012
5970.2559
5970.3106
5970.3653
5970.42
5970.4747
5970.5294
5970.5841
5970.6388
5970.6935
5970.7482
5970.8029
5970.8576
5970.9123
5970.967
5971.0217
5971.0764
5971.1311
5971.1858
5971.2405
5971.2952
5971.3499
5971.4046
5971.4593
5971.514
5971.5687
5971.6234
5971.6781
5971.7328
5971.7875
5971.8422
5971.8969
5971.9516
5972.0063
5972.061
5972.1157
5972.1704
5972.2251
5972.2798
5972.3345
5972.3892
5972.4439
5972.4986
5972.5533
5972.608
5972.6627
5972.7174
5972.7721
5972.8268
5972.8815
5972.9362
5972.9909
5973.0456
5973.1003
5973.155
5973.2097
5973.2644
5973.3191
5973.3738
5973.4285
5973.4832
5973.5379
5973.5926
5973.6473
5973.702
5973.7567
5973.8114
5973.8661
5973.9208
5973.9755
5974.0302
5974.0849
5974.1396
5974.1943
5974.249
5974.3037
5974.3584
5974.4131
5974.4678
5974.5225
5974.5772
5974.6319
5974.6866
5974.7413
5974.796
5974.8507
5974.9054
5974.9601
5975.0148
5975.0695
5975.1242
5975.1789
5975.2336
5975.2883
5975.343
5975.3977
5975.4524
5975.5071
5975.5618
5975.6165
5975.6712
5975.7259
5975.7806
5975.8353
5975.89
5975.9447
5975.9994
5976.0541
5976.1088
5976.1635
5976.2182
5976.2729
5976.3276
5976.3823
5976.437
5976.4917
5976.5464
5976.6011
5976.6558
5976.7105
5976.7652
5976.8199
5976.8746
5976.9293
5976.984
5977.0387
5977.0934
5977.1481
5977.2028
5977.2575
5977.3122
5977.3669
5977.4216
5977.4763
5977.531
5977.5857
5977.6404
5977.6951
5977.7498
5977.8045
5977.8592
5977.9139
5977.9686
5978.0233
5978.078
5978.1327
5978.1874
5978.2421
5978.2968
5978.3515
5978.4062
5978.4609
5978.5156
5978.5703
5978.625
5978.6797
5978.7344
5978.7891
5978.8438
5978.8985
5978.9532
5979.0079
5979.0626
5979.1173
5979.172
5979.2267
5979.2814
5979.3361
5979.3908
5979.4455
5979.5002
5979.5549
5979.6096
5979.6643
5979.719
5979.7737
5979.8284
5979.8831
5979.9378
5979.9925
5980.0472
5980.1019
5980.1566
5980.2113
5980.266
5980.3207
5980.3754
5980.4301
5980.4848
5980.5395
5980.5942
5980.6489
5980.7036
5980.7583
5980.813
5980.8677
5980.9224
5980.9771
5981.0318
5981.0865
5981.1412
5981.1959
5981.2506
5981.3053
5981.36
5981.4147
5981.4694
5981.5241
5981.5788
5981.6335
5981.6882
5981.7429
5981.7976
5981.8523
5981.907
5981.9617
5982.0164
5982.0711
5982.1258
5982.1805
5982.2352
5982.2899
5982.3446
5982.3993
5982.454
5982.5087
5982.5634
5982.6181
5982.6728
5982.7275
5982.7822
5982.8369
5982.8916
5982.9463
5983.001
5983.0557
5983.1104
5983.1651
5983.2198
5983.2745
5983.3292
5983.3839
5983.4386
5983.4933
5983.548
5983.6027
5983.6574
5983.7121
5983.7668
5983.8215
5983.8762
5983.9309
5983.9856
5984.0403
5984.095
5984.1497
5984.2044
5984.2591
5984.3138
5984.3685
5984.4232
5984.4779
5984.5326
5984.5873
5984.642
5984.6967
5984.7514
5984.8061
5984.8608
5984.9155
5984.9702
5985.0249
5985.0796
5985.1343
5985.189
5985.2437
5985.2984
5985.3531
5985.4078
5985.4625
5985.5172
5985.5719
5985.6266
5985.6813
5985.736
5985.7907
5985.8454
5985.9001
5985.9548
5986.0095
5986.0642
5986.1189
5986.1736
5986.2283
5986.283
5986.3377
5986.3924
5986.4471
5986.5018
5986.5565
5986.6112
5986.6659
5986.7206
5986.7753
5986.83
5986.8847
5986.9394
5986.9941
5987.0488
5987.1035
5987.1582
5987.2129
5987.2676
5987.3223
5987.377
5987.4317
5987.4864
5987.5411
5987.5958
5987.6505
5987.7052
5987.7599
5987.8146
5987.8693
5987.924
5987.9787
5988.0334
5988.0881
5988.1428
5988.1975
5988.2522
5988.3069
5988.3616
5988.4163
5988.471
5988.5257
5988.5804
5988.6351
5988.6898
5988.7445
5988.7992
5988.8539
5988.9086
5988.9633
5989.018
5989.0727
5989.1274
5989.1821
5989.2368
5989.2915
5989.3462
5989.4009
5989.4556
5989.5103
5989.565
5989.6197
5989.6744
5989.7291
5989.7838
5989.8385
5989.8932
5989.9479
5990.0026
5990.0573
5990.112
5990.1667
5990.2214
5990.2761
5990.3308
5990.3855
5990.4402
5990.4949
5990.5496
5990.6043
5990.659
5990.7137
5990.7684
5990.8231
5990.8778
5990.9325
5990.9872
5991.0419
5991.0966
5991.1513
5991.206
5991.2607
5991.3154
5991.3701
5991.4248
5991.4795
5991.5342
5991.5889
5991.6436
5991.6983
5991.753
5991.8077
5991.8624
5991.9171
5991.9718
5992.0265
5992.0812
5992.1359
5992.1906
5992.2453
5992.3
5992.3547
5992.4094
5992.4641
5992.5188
5992.5735
5992.6282
5992.6829
5992.7376
5992.7923
5992.847
5992.9017
5992.9564
5993.0111
5993.0658
5993.1205
5993.1752
5993.2299
5993.2846
5993.3393
5993.394
5993.4487
5993.5034
5993.5581
5993.6128
5993.6675
5993.7222
5993.7769
5993.8316
5993.8863
5993.941
5993.9957
5994.0504
5994.1051
5994.1598
5994.2145
5994.2692
5994.3239
5994.3786
5994.4333
5994.488
5994.5427
5994.5974
5994.6521
5994.7068
5994.7615
5994.8162
5994.8709
5994.9256
5994.9803
5995.035
5995.0897
5995.1444
5995.1991
5995.2538
5995.3085
5995.3632
5995.4179
5995.4726
5995.5273
5995.582
5995.6367
5995.6914
5995.7461
5995.8008
5995.8555
5995.9102
5995.9649
5996.0196
5996.0743
5996.129
5996.1837
5996.2384
5996.2931
5996.3478
5996.4025
5996.4572
5996.5119
5996.5666
5996.6213
5996.676
5996.7307
5996.7854
5996.8401
5996.8948
5996.9495
5997.0042
5997.0589
5997.1136
5997.1683
5997.223
5997.2777
5997.3324
5997.3871
5997.4418
5997.4965
5997.5512
5997.6059
5997.6606
5997.7153
5997.77
5997.8247
5997.8794
5997.9341
5997.9888
5998.0435
5998.0982
5998.1529
5998.2076
5998.2623
5998.317
5998.3717
5998.4264
5998.4811
5998.5358
5998.5905
5998.6452
5998.6999
5998.7546
5998.8093
5998.864
5998.9187
5998.9734
5999.0281
5999.0828
5999.1375
5999.1922
5999.2469
5999.3016
5999.3563
5999.411
5999.4657
5999.5204
5999.5751
5999.6298
5999.6845
5999.7392
5999.7939
5999.8486
5999.9033
5999.958
