6300.0
6300.0627
6300.1254
6300.1881
6300.2508
6300.3135
6300.3762
6300.4389
6300.5016
6300.5643
6300.627
6300.6897
6300.7524
6300.8151
6300.8778
6300.9405
6301.0032
6301.0659
6301.1286
6301.1913
6301.254
6301.3167
6301.3794
6301.4421
6301.5048
6301.5675
6301.6302
6301.6929
6301.7556
6301.8183
6301.881
6301.9437
6302.0064
6302.0691
6302.1318
6302.1945
6302.2572
6302.3199
6302.3826
6302.4453
6302.508
6302.5707
6302.6334
6302.6961
6302.7588
6302.8215
6302.8842
6302.9469
6303.0096
6303.0723
6303.135
6303.1977
6303.2604
6303.3231
6303.3858
6303.4485
6303.5112
6303.5739
6303.6366
6303.6993
6303.762
6303.8247
6303.8874
6303.9501
6304.0128
6304.0755
6304.1382
6304.2009
6304.2636
6304.3263
6304.389
6304.4517
6304.5144
6304.5771
6304.6398
6304.7025
6304.7652
6304.8279
6304.8906
6304.9533
6305.016
6305.0787
6305.1414
6305.2041
6305.2668
6305.3295
6305.3922
6305.4549
6305.5176
6305.5803
6305.643
6305.7057
6305.7684
6305.8311
6305.8938
6305.9565
6306.0192
6306.0819
6306.1446
6306.2073
6306.27
6306.3327
6306.3954
6306.4581
6306.5208
6306.5835
6306.6462
6306.7089
6306.7716
6306.8343
6306.897
6306.9597
6307.0224
6307.0851
6307.1478
6307.2105
6307.2732
6307.3359
6307.3986
6307.4613
6307.524
6307.5867
6307.6494
6307.7121
6307.7748
6307.8375
6307.9002
6307.9629
6308.0256
6308.0883
6308.151
6308.2137
6308.2764
6308.3391
6308.4018
6308.4645
6308.5272
6308.5899
6308.6526
6308.7153
6308.778
6308.8407
6308.9034
6308.9661
6309.0288
6309.0915
6309.1542
6309.2169
6309.2796
6309.3423
6309.405
6309.4677
6309.5304
6309.5931
6309.6558
6309.7185
6309.7812
6309.8439
6309.9066
6309.9693
6310.032
6310.0947
6310.1574
6310.2201
6310.2828
6310.3455
6310.4082
6310.4709
6310.5336
6310.5963
6310.659
6310.7217
6310.7844
6310.8471
6310.9098
6310.9725
6311.0352
6311.0979
6311.1606
6311.2233
6311.286
6311.3487
6311.4114
6311.4741
6311.5368
6311.5995
6311.6622
6311.7249
6311.7876
6311.8503
6311.913
6311.9757
6312.0384
6312.1011
6312.1638
6312.2265
6312.2892
6312.3519
6312.4146
6312.4773
6312.54
6312.6027
6312.6654
6312.7281
6312.7908
6312.8535
6312.9162
6312.9789
6313.0416
6313.1043
6313.167
6313.2297
6313.2924
6313.3551
6313.4178
6313.4805
6313.5432
6313.6059
6313.6686
6313.7313
6313.794
6313.8567
6313.9194
6313.9821
6314.0448
6314.1075
6314.1702
6314.2329
6314.2956
6314.3583
6314.421
6314.4837
6314.5464
6314.6091
6314.6718
6314.7345
6314.7972
6314.8599
6314.9226
6314.9853
6315.048
6315.1107
6315.1734
6315.2361
6315.2988
6315.3615
6315.4242
6315.4869
6315.5496
6315.6123
6315.675
6315.7377
6315.8004
6315.8631
6315.9258
6315.9885
6316.0512
6316.1139
6316.1766
6316.2393
6316.302
6316.3647
6316.4274
6316.4901
6316.5528
6316.6155
6316.6782
6316.7409
6316.8036
6316.8663
6316.929
6316.9917
6317.0544
6317.1171
6317.1798
6317.2425
6317.3052
6317.3679
6317.4306
6317.4933
6317.556
6317.6187
6317.6814
6317.7441
6317.8068
6317.8695
6317.9322
6317.9949
6318.0576
6318.1203
6318.183
6318.2457
6318.3084
6318.3711
6318.4338
6318.4965
6318.5592
6318.6219
6318.6846
6318.7473
6318.81
6318.8727
6318.9354
6318.9981
6319.0608
6319.1235
6319.1862
6319.2489
6319.3116
6319.3743
6319.437
6319.4997
6319.5624
6319.6251
6319.6878
6319.7505
6319.8132
6319.8759
6319.9386
6320.0013
6320.064
6320.1267
6320.1894
6320.2521
6320.3148
6320.3775
6320.4402
6320.5029
6320.5656
6320.6283
6320.691
6320.7537
6320.8164
6320.8791
6320.9418
6321.0045
6321.0672
6321.1299
6321.1926
6321.2553
6321.318
6321.3807
6321.4434
6321.5061
6321.5688
6321.6315
6321.6942
6321.7569
6321.8196
6321.8823
6321.945
6322.0077
6322.0704
6322.1331
6322.1958
6322.2585
6322.3212
6322.3839
6322.4466
6322.5093
6322.572
6322.6347
6322.6974
6322.7601
6322.8228
6322.8855
6322.9482
6323.0109
6323.0736
6323.1363
6323.199
6323.2617
6323.3244
6323.3871
6323.4498
6323.5125
6323.5752
6323.6379
6323.7006
6323.7633
6323.826
6323.8887
6323.9514
6324.0141
6324.0768
6324.1395
6324.2022
6324.2649
6324.3276
6324.3903
6324.453
6324.5157
6324.5784
6324.6411
6324.7038
6324.7665
6324.8292
6324.8919
6324.9546
6325.0173
6325.08
6325.1427
6325.2054
6325.2681
6325.3308
6325.3935
6325.4562
6325.5189
6325.5816
6325.6443
6325.707
6325.7697
6325.8324
6325.8951
6325.9578
6326.0205
6326.0832
6326.1459
6326.2086
6326.2713
6326.334
6326.3967
6326.4594
6326.5221
6326.5848
6326.6475
6326.7102
6326.7729
6326.8356
6326.8983
6326.961
6327.0237
6327.0864
6327.1491
6327.2118
6327.2745
6327.3372
6327.3999
6327.4626
6327.5253
6327.588
6327.6507
6327.7134
6327.7761
6327.8388
6327.9015
6327.9642
6328.0269
6328.0896
6328.1523
6328.215
6328.2777
6328.3404
6328.4031
6328.4658
6328.5285
6328.5912
6328.6539
6328.7166
6328.7793
6328.842
6328.9047
6328.9674
6329.0301
6329.0928
6329.1555
6329.2182
6329.2809
6329.3436
6329.4063
6329.469
6329.5317
6329.5944
6329.6571
6329.7198
6329.7825
6329.8452
6329.9079
6329.9706
6330.0333
6330.096
6330.1587
6330.2214
6330.2841
6330.3468
6330.4095
6330.4722
6330.5349
6330.5976
6330.6603
6330.723
6330.7857
6330.8484
6330.9111
6330.9738
6331.0365
6331.0992
6331.1619
6331.2246
6331.2873
6331.35
6331.4127
6331.4754
6331.5381
6331.6008
6331.6635
6331.7262
6331.7889
6331.8516
6331.9143
6331.977
6332.0397
6332.1024
6332.1651
6332.2278
6332.2905
6332.3532
6332.4159
6332.4786
6332.5413
6332.604
6332.6667
6332.7294
6332.7921
6332.8548
6332.9175
6332.9802
6333.0429
6333.1056
6333.1683
6333.231
6333.2937
6333.3564
6333.4191
6333.4818
6333.5445
6333.6072
6333.6699
6333.7326
6333.7953
6333.858
6333.9207
6333.9834
6334.0461
6334.1088
6334.1715
6334.2342
6334.2969
6334.3596
6334.4223
6334.485
6334.5477
6334.6104
6334.6731
6334.7358
6334.7985
6334.8612
6334.9239
6334.9866
6335.0493
6335.112
6335.1747
6335.2374
6335.3001
6335.3628
6335.4255
6335.4882
6335.5509
6335.6136
6335.6763
6335.739
6335.8017
6335.8644
6335.9271
6335.9898
6336.0525
6336.1152
6336.1779
6336.2406
6336.3033
6336.366
6336.4287
6336.4914
6336.5541
6336.6168
6336.6795
6336.7422
6336.8049
6336.8676
6336.9303
6336.993
6337.0557
6337.1184
6337.1811
6337.2438
6337.3065
6337.3692
6337.4319
6337.4946
6337.5573
6337.62
6337.6827
6337.7454
6337.8081
6337.8708
6337.9335
6337.9962
6338.0589
6338.1216
6338.1843
6338.247
6338.3097
6338.3724
6338.4351
6338.4978
6338.5605
6338.6232
6338.6859
6338.7486
6338.8113
6338.874
6338.9367
6338.9994
6339.0621
6339.1248
6339.1875
6339.2502
6339.3129
6339.3756
6339.4383
6339.501
6339.5637
6339.6264
6339.6891
6339.7518
6339.8145
6339.8772
6339.9399
6340.0026
6340.0653
6340.128
6340.1907
6340.2534
6340.3161
6340.3788
6340.4415
6340.5042
6340.5669
6340.6296
6340.6923
6340.755
6340.8177
6340.8804
6340.9431
6341.0058
6341.0685
6341.1312
6341.1939
6341.2566
6341.3193
6341.382
6341.4447
6341.5074
6341.5701
6341.6328
6341.6955
6341.7582
6341.8209
6341.8836
6341.9463
6342.009
6342.0717
6342.1344
6342.1971
6342.2598
6342.3225
6342.3852
6342.4479
6342.5106
6342.5733
6342.636
6342.6987
6342.7614
6342.8241
6342.8868
6342.9495
6343.0122
6343.0749
6343.1376
6343.2003
6343.263
6343.3257
6343.3884
6343.4511
6343.5138
6343.5765
6343.6392
6343.7019
6343.7646
6343.8273
6343.89
6343.9527
6344.0154
6344.0781
6344.1408
6344.2035
6344.2662
6344.3289
6344.3916
6344.4543
6344.517
6344.5797
6344.6424
6344.7051
6344.7678
6344.8305
6344.8932
6344.9559
6345.0186
6345.0813
6345.144
6345.2067
6345.2694
6345.3321
6345.3948
6345.4575
6345.5202
6345.5829
6345.6456
6345.7083
6345.771
6345.8337
6345.8964
6345.9591
6346.0218
6346.0845
6346.1472
6346.2099
6346.2726
6346.3353
6346.398
6346.4607
6346.5234
6346.5861
6346.6488
6346.7115
6346.7742
6346.8369
6346.8996
6346.9623
6347.025
6347.0877
6347.1504
6347.2131
6347.2758
6347.3385
6347.4012
6347.4639
6347.5266
6347.5893
6347.652
6347.7147
6347.7774
6347.8401
6347.9028
6347.9655
6348.0282
6348.0909
6348.1536
6348.2163
6348.279
6348.3417
6348.4044
6348.4671
6348.5298
6348.5925
6348.6552
6348.7179
6348.7806
6348.8433
6348.906
6348.9687
6349.0314
6349.0941
6349.1568
6349.2195
6349.2822
6349.3449
6349.4076
6349.4703
6349.533
6349.5957
6349.6584
6349.7211
6349.7838
6349.8465
6349.9092
6349.9719
6350.0346
6350.0973
6350.16
6350.2227
6350.2854
6350.3481
6350.4108
6350.4735
6350.5362
6350.5989
6350.6616
6350.7243
6350.787
6350.8497
6350.9124
6350.9751
6351.0378
6351.1005
6351.1632
6351.2259
6351.2886
6351.3513
6351.414
6351.4767
6351.5394
6351.6021
6351.6648
6351.7275
6351.7902
6351.8529
6351.9156
6351.9783
6352.041
6352.1037
6352.1664
6352.2291
6352.2918
6352.3545
6352.4172
6352.4799
6352.5426
6352.6053
6352.668
6352.7307
6352.7934
6352.8561
6352.9188
6352.9815
6353.0442
6353.1069
6353.1696
6353.2323
6353.295
6353.3577
6353.4204
6353.4831
6353.5458
6353.6085
6353.6712
6353.7339
6353.7966
6353.8593
6353.922
6353.9847
6354.0474
6354.1101
6354.1728
6354.2355
6354.2982
6354.3609
6354.4236
6354.4863
6354.549
6354.6117
6354.6744
6354.7371
6354.7998
6354.8625
6354.9252
6354.9879
6355.0506
6355.1133
6355.176
6355.2387
6355.3014
6355.3641
6355.4268
6355.4895
6355.5522
6355.6149
6355.6776
6355.7403
6355.803
6355.8657
6355.9284
6355.9911
6356.0538
6356.1165
6356.1792
6356.2419
6356.3046
6356.3673
6356.43
6356.4927
6356.5554
6356.6181
6356.6808
6356.7435
6356.8062
6356.8689
6356.9316
6356.9943
6357.057
6357.1197
6357.1824
6357.2451
6357.3078
6357.3705
6357.4332
6357.4959
6357.5586
6357.6213
6357.684
6357.7467
6357.8094
6357.8721
6357.9348
6357.9975
6358.0602
6358.1229
6358.1856
6358.2483
6358.311
6358.3737
6358.4364
6358.4991
6358.5618
6358.6245
6358.6872
6358.7499
6358.8126
6358.8753
6358.938
6359.0007
6359.0634
6359.1261
6359.1888
6359.2515
6359.3142
6359.3769
6359.4396
6359.5023
6359.565
6359.6277
6359.6904
6359.7531
6359.8158
6359.8785
6359.9412
6360.0039
6360.0666
6360.1293
6360.192
6360.2547
6360.3174
6360.3801
6360.4428
6360.5055
6360.5682
6360.6309
6360.6936
6360.7563
6360.819
6360.8817
6360.9444
6361.0071
6361.0698
6361.1325
6361.1952
6361.2579
6361.3206
6361.3833
6361.446
6361.5087
6361.5714
6361.6341
6361.6968
6361.7595
6361.8222
6361.8849
6361.9476
6362.0103
6362.073
6362.1357
6362.1984
6362.2611
6362.3238
6362.3865
6362.4492
6362.5119
6362.5746
6362.6373
6362.7
6362.7627
6362.8254
6362.8881
6362.9508
6363.0135
6363.0762
6363.1389
6363.2016
6363.2643
6363.327
6363.3897
6363.4524
6363.5151
6363.5778
6363.6405
6363.7032
6363.7659
6363.8286
6363.8913
6363.954
6364.0167
6364.0794
6364.1421
6364.2048
6364.2675
6364.3302
6364.3929
6364.4556
6364.5183
6364.581
6364.6437
6364.7064
6364.7691
6364.8318
6364.8945
6364.9572
6365.0199
6365.0826
6365.1453
6365.208
6365.2707
6365.3334
6365.3961
6365.4588
6365.5215
6365.5842
6365.6469
6365.7096
6365.7723
6365.835
6365.8977
6365.9604
6366.0231
6366.0858
6366.1485
6366.2112
6366.2739
6366.3366
6366.3993
6366.462
6366.5247
6366.5874
6366.6501
6366.7128
6366.7755
6366.8382
6366.9009
6366.9636
6367.0263
6367.089
6367.1517
6367.2144
6367.2771
6367.3398
6367.4025
6367.4652
6367.5279
6367.5906
6367.6533
6367.716
6367.7787
6367.8414
6367.9041
6367.9668
6368.0295
6368.0922
6368.1549
6368.2176
6368.2803
6368.343
6368.4057
6368.4684
6368.5311
6368.5938
6368.6565
6368.7192
6368.7819
6368.8446
6368.9073
6368.97
6369.0327
6369.0954
6369.1581
6369.2208
6369.2835
6369.3462
6369.4089
6369.4716
6369.5343
6369.597
6369.6597
6369.7224
6369.7851
6369.8478
6369.9105
6369.9732
6370.0359
6370.0986
6370.1613
6370.224
6370.2867
6370.3494
6370.4121
6370.4748
6370.5375
6370.6002
6370.6629
6370.7256
6370.7883
6370.851
6370.9137
6370.9764
6371.0391
6371.1018
6371.1645
6371.2272
6371.2899
6371.3526
6371.4153
6371.478
6371.5407
6371.6034
6371.6661
6371.7288
6371.7915
6371.8542
6371.9169
6371.9796
6372.0423
6372.105
6372.1677
6372.2304
6372.2931
6372.3558
6372.4185
6372.4812
6372.5439
6372.6066
6372.6693
6372.732
6372.7947
6372.8574
6372.9201
6372.9828
6373.0455
6373.1082
6373.1709
6373.2336
6373.2963
6373.359
6373.4217
6373.4844
6373.5471
6373.6098
6373.6725
6373.7352
6373.7979
6373.8606
6373.9233
6373.986
6374.0487
6374.1114
6374.1741
6374.2368
6374.2995
6374.3622
6374.4249
6374.4876
6374.5503
6374.613
6374.6757
6374.7384
6374.8011
6374.8638
6374.9265
6374.9892
6375.0519
6375.1146
6375.1773
6375.24
6375.3027
6375.3654
6375.4281
6375.4908
6375.5535
6375.6162
6375.6789
6375.7416
6375.8043
6375.867
6375.9297
6375.9924
6376.0551
6376.1178
6376.1805
6376.2432
6376.3059
6376.3686
6376.4313
6376.494
6376.5567
6376.6194
6376.6821
6376.7448
6376.8075
6376.8702
6376.9329
6376.9956
6377.0583
6377.121
6377.1837
6377.2464
6377.3091
6377.3718
6377.4345
6377.4972
6377.5599
6377.6226
6377.6853
6377.748
6377.8107
6377.8734
6377.9361
6377.9988
6378.0615
6378.1242
6378.1869
6378.2496
6378.3123
6378.375
6378.4377
6378.5004
6378.5631
6378.6258
6378.6885
6378.7512
6378.8139
6378.8766
6378.9393
6379.002
6379.0647
6379.1274
6379.1901
6379.2528
6379.3155
6379.3782
6379.4409
6379.5036
6379.5663
6379.629
6379.6917
6379.7544
6379.8171
6379.8798
6379.9425
6380.0052
6380.0679
6380.1306
6380.1933
6380.256
6380.3187
6380.3814
6380.4441
6380.5068
6380.5695
6380.6322
6380.6949
6380.7576
6380.8203
6380.883
6380.9457
6381.0084
6381.0711
6381.1338
6381.1965
6381.2592
6381.3219
6381.3846
6381.4473
6381.51
6381.5727
6381.6354
6381.6981
6381.7608
6381.8235
6381.8862
6381.9489
6382.0116
6382.0743
6382.137
6382.1997
6382.2624
6382.3251
6382.3878
6382.4505
6382.5132
6382.5759
6382.6386
6382.7013
6382.764
6382.8267
6382.8894
6382.9521
6383.0148
6383.0775
6383.1402
6383.2029
6383.2656
6383.3283
6383.391
6383.4537
6383.5164
6383.5791
6383.6418
6383.7045
6383.7672
6383.8299
6383.8926
6383.9553
6384.018
6384.0807
6384.1434
6384.2061
6384.2688
6384.3315
6384.3942
6384.4569
6384.5196
6384.5823
6384.645
6384.7077
6384.7704
6384.8331
6384.8958
6384.9585
6385.0212
6385.0839
6385.1466
6385.2093
6385.272
6385.3347
6385.3974
6385.4601
6385.5228
6385.5855
6385.6482
6385.7109
6385.7736
6385.8363
6385.899
6385.9617
6386.0244
6386.0871
6386.1498
6386.2125
6386.2752
6386.3379
6386.4006
6386.4633
6386.526
6386.5887
6386.6514
6386.7141
6386.7768
6386.8395
6386.9022
6386.9649
6387.0276
6387.0903
6387.153
6387.2157
6387.2784
6387.3411
6387.4038
6387.4665
6387.5292
6387.5919
6387.6546
6387.7173
6387.78
6387.8427
6387.9054
6387.9681
6388.0308
6388.0935
6388.1562
6388.2189
6388.2816
6388.3443
6388.407
6388.4697
6388.5324
6388.5951
6388.6578
6388.7205
6388.7832
6388.8459
6388.9086
6388.9713
6389.034
6389.0967
6389.1594
6389.2221
6389.2848
6389.3475
6389.4102
6389.4729
6389.5356
6389.5983
6389.661
6389.7237
6389.7864
6389.8491
6389.9118
6389.9745
6390.0372
6390.0999
6390.1626
6390.2253
6390.288
6390.3507
6390.4134
6390.4761
6390.5388
6390.6015
6390.6642
6390.7269
6390.7896
6390.8523
6390.915
6390.9777
6391.0404
6391.1031
6391.1658
6391.2285
6391.2912
6391.3539
6391.4166
6391.4793
6391.542
6391.6047
6391.6674
6391.7301
6391.7928
6391.8555
6391.9182
6391.9809
6392.0436
6392.1063
6392.169
6392.2317
6392.2944
6392.3571
6392.4198
6392.4825
6392.5452
6392.6079
6392.6706
6392.7333
6392.796
6392.8587
6392.9214
6392.9841
6393.0468
6393.1095
6393.1722
6393.2349
6393.2976
6393.3603
6393.423
6393.4857
6393.5484
6393.6111
6393.6738
6393.7365
6393.7992
6393.8619
6393.9246
6393.9873
6394.05
6394.1127
6394.1754
6394.2381
6394.3008
6394.3635
6394.4262
6394.4889
6394.5516
6394.6143
6394.677
6394.7397
6394.8024
6394.8651
6394.9278
6394.9905
6395.0532
6395.1159
6395.1786
6395.2413
6395.304
6395.3667
6395.4294
6395.4921
6395.5548
6395.6175
6395.6802
6395.7429
6395.8056
6395.8683
6395.931
6395.9937
6396.0564
6396.1191
6396.1818
6396.2445
6396.3072
6396.3699
6396.4326
6396.4953
6396.558
6396.6207
6396.6834
6396.7461
6396.8088
6396.8715
6396.9342
6396.9969
6397.0596
6397.1223
6397.185
6397.2477
6397.3104
6397.3731
6397.4358
6397.4985
6397.5612
6397.6239
6397.6866
6397.7493
6397.812
6397.8747
6397.9374
6398.0001
6398.0628
6398.1255
6398.1882
6398.2509
6398.3136
6398.3763
6398.439
6398.5017
6398.5644
6398.6271
6398.6898
6398.7525
6398.8152
6398.8779
6398.9406
6399.0033
6399.066
6399.1287
6399.1914
6399.2541
6399.3168
6399.3795
6399.4422
6399.5049
6399.5676
6399.6303
6399.693
6399.7557
6399.8184
6399.8811
6399.9438
6400.0065
6400.0692
6400.1319
6400.1946
6400.2573
6400.32
6400.3827
6400.4454
6400.5081
6400.5708
6400.6335
6400.6962
6400.7589
6400.8216
6400.8843
6400.947
6401.0097
6401.0724
6401.1351
6401.1978
6401.2605
6401.3232
6401.3859
6401.4486
6401.5113
6401.574
6401.6367
6401.6994
6401.7621
6401.8248
6401.8875
6401.9502
6402.0129
6402.0756
6402.1383
6402.201
6402.2637
6402.3264
6402.3891
6402.4518
6402.5145
6402.5772
6402.6399
6402.7026
6402.7653
6402.828
6402.8907
6402.9534
6403.0161
6403.0788
6403.1415
6403.2042
6403.2669
6403.3296
6403.3923
6403.455
6403.5177
6403.5804
6403.6431
6403.7058
6403.7685
6403.8312
6403.8939
6403.9566
6404.0193
6404.082
6404.1447
6404.2074
6404.2701
6404.3328
6404.3955
6404.4582
6404.5209
6404.5836
6404.6463
6404.709
6404.7717
6404.8344
6404.8971
6404.9598
6405.0225
6405.0852
6405.1479
6405.2106
6405.2733
6405.336
6405.3987
6405.4614
6405.5241
6405.5868
6405.6495
6405.7122
6405.7749
6405.8376
6405.9003
6405.963
6406.0257
6406.0884
6406.1511
6406.2138
6406.2765
6406.3392
6406.4019
6406.4646
6406.5273
6406.59
6406.6527
6406.7154
6406.7781
6406.8408
6406.9035
6406.9662
6407.0289
6407.0916
6407.1543
6407.217
6407.2797
6407.3424
6407.4051
6407.4678
6407.5305
6407.5932
6407.6559
6407.7186
6407.7813
6407.844
6407.9067
6407.9694
6408.0321
6408.0948
6408.1575
6408.2202
6408.2829
6408.3456
6408.4083
6408.471
6408.5337
6408.5964
6408.6591
6408.7218
6408.7845
6408.8472
6408.9099
6408.9726
6409.0353
6409.098
6409.1607
6409.2234
6409.2861
6409.3488
6409.4115
6409.4742
6409.5369
6409.5996
6409.6623
6409.725
6409.7877
6409.8504
6409.9131
6409.9758
6410.0385
6410.1012
6410.1639
6410.2266
6410.2893
6410.352
6410.4147
6410.4774
6410.5401
6410.6028
6410.6655
6410.7282
6410.7909
6410.8536
6410.9163
6410.979
6411.0417
6411.1044
6411.1671
6411.2298
6411.2925
6411.3552
6411.4179
6411.4806
6411.5433
6411.606
6411.6687
6411.7314
6411.7941
6411.8568
6411.9195
6411.9822
6412.0449
6412.1076
6412.1703
6412.233
6412.2957
6412.3584
6412.4211
6412.4838
6412.5465
6412.6092
6412.6719
6412.7346
6412.7973
6412.86
6412.9227
6412.9854
6413.0481
6413.1108
6413.1735
6413.2362
6413.2989
6413.3616
6413.4243
6413.487
6413.5497
6413.6124
6413.6751
6413.7378
6413.8005
6413.8632
6413.9259
6413.9886
6414.0513
6414.114
6414.1767
6414.2394
6414.3021
6414.3648
6414.4275
6414.4902
6414.5529
6414.6156
6414.6783
6414.741
6414.8037
6414.8664
6414.9291
6414.9918
6415.0545
6415.1172
6415.1799
6415.2426
6415.3053
6415.368
6415.4307
6415.4934
6415.5561
6415.6188
6415.6815
6415.7442
6415.8069
6415.8696
6415.9323
6415.995
6416.0577
6416.1204
6416.1831
6416.2458
6416.3085
6416.3712
6416.4339
6416.4966
6416.5593
6416.622
6416.6847
6416.7474
6416.8101
6416.8728
6416.9355
6416.9982
6417.0609
6417.1236
6417.1863
6417.249
6417.3117
6417.3744
6417.4371
6417.4998
6417.5625
6417.6252
6417.6879
6417.7506
6417.8133
6417.876
6417.9387
6418.0014
6418.0641
6418.1268
6418.1895
6418.2522
6418.3149
6418.3776
6418.4403
6418.503
6418.5657
6418.6284
6418.6911
6418.7538
6418.8165
6418.8792
6418.9419
6419.0046
6419.0673
6419.13
6419.1927
6419.2554
6419.3181
6419.3808
6419.4435
6419.5062
6419.5689
6419.6316
6419.6943
6419.757
6419.8197
6419.8824
6419.9451
6420.0078
6420.0705
6420.1332
6420.1959
6420.2586
6420.3213
6420.384
6420.4467
6420.5094
6420.5721
6420.6348
6420.6975
6420.7602
6420.8229
6420.8856
6420.9483
6421.011
6421.0737
6421.1364
6421.1991
6421.2618
6421.3245
6421.3872
6421.4499
6421.5126
6421.5753
6421.638
6421.7007
6421.7634
6421.8261
6421.8888
6421.9515
6422.0142
6422.0769
6422.1396
6422.2023
6422.265
6422.3277
6422.3904
6422.4531
6422.5158
6422.5785
6422.6412
6422.7039
6422.7666
6422.8293
6422.892
6422.9547
6423.0174
6423.0801
6423.1428
6423.2055
6423.2682
6423.3309
6423.3936
6423.4563
6423.519
6423.5817
6423.6444
6423.7071
6423.7698
6423.8325
6423.8952
6423.9579
6424.0206
6424.0833
6424.146
6424.2087
6424.2714
6424.3341
6424.3968
6424.4595
6424.5222
6424.5849
6424.6476
6424.7103
6424.773
6424.8357
6424.8984
6424.9611
6425.0238
6425.0865
6425.1492
6425.2119
6425.2746
6425.3373
6425.4
6425.4627
6425.5254
6425.5881
6425.6508
6425.7135
6425.7762
6425.8389
6425.9016
6425.9643
6426.027
6426.0897
6426.1524
6426.2151
6426.2778
6426.3405
6426.4032
6426.4659
6426.5286
6426.5913
6426.654
6426.7167
6426.7794
6426.8421
6426.9048
6426.9675
6427.0302
6427.0929
6427.1556
6427.2183
6427.281
6427.3437
6427.4064
6427.4691
6427.5318
6427.5945
6427.6572
6427.7199
6427.7826
6427.8453
6427.908
6427.9707
6428.0334
6428.0961
6428.1588
6428.2215
6428.2842
6428.3469
6428.4096
6428.4723
6428.535
6428.5977
6428.6604
6428.7231
6428.7858
6428.8485
6428.9112
6428.9739
6429.0366
6429.0993
6429.162
6429.2247
6429.2874
6429.3501
6429.4128
6429.4755
6429.5382
6429.6009
6429.6636
6429.7263
6429.789
6429.8517
6429.9144
6429.9771
6430.0398
6430.1025
6430.1652
6430.2279
6430.2906
6430.3533
6430.416
6430.4787
6430.5414
6430.6041
6430.6668
6430.7295
6430.7922
6430.8549
6430.9176
6430.9803
6431.043
6431.1057
6431.1684
6431.2311
6431.2938
6431.3565
6431.4192
6431.4819
6431.5446
6431.6073
6431.67
6431.7327
6431.7954
6431.8581
6431.9208
6431.9835
6432.0462
6432.1089
6432.1716
6432.2343
6432.297
6432.3597
6432.4224
6432.4851
6432.5478
6432.6105
6432.6732
6432.7359
6432.7986
6432.8613
6432.924
6432.9867
6433.0494
6433.1121
6433.1748
6433.2375
6433.3002
6433.3629
6433.4256
6433.4883
6433.551
6433.6137
6433.6764
6433.7391
6433.8018
6433.8645
6433.9272
6433.9899
6434.0526
6434.1153
6434.178
6434.2407
6434.3034
6434.3661
6434.4288
6434.4915
6434.5542
6434.6169
6434.6796
6434.7423
6434.805
6434.8677
6434.9304
6434.9931
6435.0558
6435.1185
6435.1812
6435.2439
6435.3066
6435.3693
6435.432
6435.4947
6435.5574
6435.6201
6435.6828
6435.7455
6435.8082
6435.8709
6435.9336
6435.9963
6436.059
6436.1217
6436.1844
6436.2471
6436.3098
6436.3725
6436.4352
6436.4979
6436.5606
6436.6233
6436.686
6436.7487
6436.8114
6436.8741
6436.9368
6436.9995
6437.0622
6437.1249
6437.1876
6437.2503
6437.313
6437.3757
6437.4384
6437.5011
6437.5638
6437.6265
6437.6892
6437.7519
6437.8146
6437.8773
6437.94
6438.0027
6438.0654
6438.1281
6438.1908
6438.2535
6438.3162
6438.3789
6438.4416
6438.5043
6438.567
6438.6297
6438.6924
6438.7551
6438.8178
6438.8805
6438.9432
6439.0059
6439.0686
6439.1313
6439.194
6439.2567
6439.3194
6439.3821
6439.4448
6439.5075
6439.5702
6439.6329
6439.6956
6439.7583
6439.821
6439.8837
6439.9464
6440.0091
6440.0718
6440.1345
6440.1972
6440.2599
6440.3226
6440.3853
6440.448
6440.5107
6440.5734
6440.6361
6440.6988
6440.7615
6440.8242
6440.8869
6440.9496
6441.0123
6441.075
6441.1377
6441.2004
6441.2631
6441.3258
6441.3885
6441.4512
6441.5139
6441.5766
6441.6393
6441.702
6441.7647
6441.8274
6441.8901
6441.9528
6442.0155
6442.0782
6442.1409
6442.2036
6442.2663
6442.329
6442.3917
6442.4544
6442.5171
6442.5798
6442.6425
6442.7052
6442.7679
6442.8306
6442.8933
6442.956
6443.0187
6443.0814
6443.1441
6443.2068
6443.2695
6443.3322
6443.3949
6443.4576
6443.5203
6443.583
6443.6457
6443.7084
6443.7711
6443.8338
6443.8965
6443.9592
6444.0219
6444.0846
6444.1473
6444.21
6444.2727
6444.3354
6444.3981
6444.4608
6444.5235
6444.5862
6444.6489
6444.7116
6444.7743
6444.837
6444.8997
6444.9624
6445.0251
6445.0878
6445.1505
6445.2132
6445.2759
6445.3386
6445.4013
6445.464
6445.5267
6445.5894
6445.6521
6445.7148
6445.7775
6445.8402
6445.9029
6445.9656
6446.0283
6446.091
6446.1537
6446.2164
6446.2791
6446.3418
6446.4045
6446.4672
6446.5299
6446.5926
6446.6553
6446.718
6446.7807
6446.8434
6446.9061
6446.9688
6447.0315
6447.0942
6447.1569
6447.2196
6447.2823
6447.345
6447.4077
6447.4704
6447.5331
6447.5958
6447.6585
6447.7212
6447.7839
6447.8466
6447.9093
6447.972
6448.0347
6448.0974
6448.1601
6448.2228
6448.2855
6448.3482
6448.4109
6448.4736
6448.5363
6448.599
6448.6617
6448.7244
6448.7871
6448.8498
6448.9125
6448.9752
6449.0379
6449.1006
6449.1633
6449.226
6449.2887
6449.3514
6449.4141
6449.4768
6449.5395
6449.6022
6449.6649
6449.7276
6449.7903
6449.853
6449.9157
6449.9784
6450.0411
6450.1038
6450.1665
6450.2292
6450.2919
6450.3546
6450.4173
6450.48
6450.5427
6450.6054
6450.6681
6450.7308
6450.7935
6450.8562
6450.9189
6450.9816
6451.0443
6451.107
6451.1697
6451.2324
6451.2951
6451.3578
6451.4205
6451.4832
6451.5459
6451.6086
6451.6713
6451.734
6451.7967
6451.8594
6451.9221
6451.9848
6452.0475
6452.1102
6452.1729
6452.2356
6452.2983
6452.361
6452.4237
6452.4864
6452.5491
6452.6118
6452.6745
6452.7372
6452.7999
6452.8626
6452.9253
6452.988
6453.0507
6453.1134
6453.1761
6453.2388
6453.3015
6453.3642
6453.4269
6453.4896
6453.5523
6453.615
6453.6777
6453.7404
6453.8031
6453.8658
6453.9285
6453.9912
6454.0539
6454.1166
6454.1793
6454.242
6454.3047
6454.3674
6454.4301
6454.4928
6454.5555
6454.6182
6454.6809
6454.7436
6454.8063
6454.869
6454.9317
6454.9944
6455.0571
6455.1198
6455.1825
6455.2452
6455.3079
6455.3706
6455.4333
6455.496
6455.5587
6455.6214
6455.6841
6455.7468
6455.8095
6455.8722
6455.9349
6455.9976
6456.0603
6456.123
6456.1857
6456.2484
6456.3111
6456.3738
6456.4365
6456.4992
6456.5619
6456.6246
6456.6873
6456.75
6456.8127
6456.8754
6456.9381
6457.0008
6457.0635
6457.1262
6457.1889
6457.2516
6457.3143
6457.377
6457.4397
6457.5024
6457.5651
6457.6278
6457.6905
6457.7532
6457.8159
6457.8786
6457.9413
6458.004
6458.0667
6458.1294
6458.1921
6458.2548
6458.3175
6458.3802
6458.4429
6458.5056
6458.5683
6458.631
6458.6937
6458.7564
6458.8191
6458.8818
6458.9445
6459.0072
6459.0699
6459.1326
6459.1953
6459.258
6459.3207
6459.3834
6459.4461
6459.5088
6459.5715
6459.6342
6459.6969
6459.7596
6459.8223
6459.885
6459.9477
6460.0104
6460.0731
6460.1358
6460.1985
6460.2612
6460.3239
6460.3866
6460.4493
6460.512
6460.5747
6460.6374
6460.7001
6460.7628
6460.8255
6460.8882
6460.9509
6461.0136
6461.0763
6461.139
6461.2017
6461.2644
6461.3271
6461.3898
6461.4525
6461.5152
6461.5779
6461.6406
6461.7033
6461.766
6461.8287
6461.8914
6461.9541
6462.0168
6462.0795
6462.1422
6462.2049
6462.2676
6462.3303
6462.393
6462.4557
6462.5184
6462.5811
6462.6438
6462.7065
6462.7692
6462.8319
6462.8946
6462.9573
6463.02
6463.0827
6463.1454
6463.2081
6463.2708
6463.3335
6463.3962
6463.4589
6463.5216
6463.5843
6463.647
6463.7097
6463.7724
6463.8351
6463.8978
6463.9605
6464.0232
6464.0859
6464.1486
6464.2113
6464.274
6464.3367
6464.3994
6464.4621
6464.5248
6464.5875
6464.6502
6464.7129
6464.7756
6464.8383
6464.901
6464.9637
6465.0264
6465.0891
6465.1518
6465.2145
6465.2772
6465.3399
6465.4026
6465.4653
6465.528
6465.5907
6465.6534
6465.7161
6465.7788
6465.8415
6465.9042
6465.9669
6466.0296
6466.0923
6466.155
6466.2177
6466.2804
6466.3431
6466.4058
6466.4685
6466.5312
6466.5939
6466.6566
6466.7193
6466.782
6466.8447
6466.9074
6466.9701
6467.0328
6467.0955
6467.1582
6467.2209
6467.2836
6467.3463
6467.409
6467.4717
6467.5344
6467.5971
6467.6598
6467.7225
6467.7852
6467.8479
6467.9106
6467.9733
6468.036
6468.0987
6468.1614
6468.2241
6468.2868
6468.3495
6468.4122
6468.4749
6468.5376
6468.6003
6468.663
6468.7257
6468.7884
6468.8511
6468.9138
6468.9765
6469.0392
6469.1019
6469.1646
6469.2273
6469.29
6469.3527
6469.4154
6469.4781
6469.5408
6469.6035
6469.6662
6469.7289
6469.7916
6469.8543
6469.917
6469.9797
6470.0424
6470.1051
6470.1678
6470.2305
6470.2932
6470.3559
6470.4186
6470.4813
6470.544
6470.6067
6470.6694
6470.7321
6470.7948
6470.8575
6470.9202
6470.9829
6471.0456
6471.1083
6471.171
6471.2337
6471.2964
6471.3591
6471.4218
6471.4845
6471.5472
6471.6099
6471.6726
6471.7353
6471.798
6471.8607
6471.9234
6471.9861
6472.0488
6472.1115
6472.1742
6472.2369
6472.2996
6472.3623
6472.425
6472.4877
6472.5504
6472.6131
6472.6758
6472.7385
6472.8012
6472.8639
6472.9266
6472.9893
6473.052
6473.1147
6473.1774
6473.2401
6473.3028
6473.3655
6473.4282
6473.4909
6473.5536
6473.6163
6473.679
6473.7417
6473.8044
6473.8671
6473.9298
6473.9925
6474.0552
6474.1179
6474.1806
6474.2433
6474.306
6474.3687
6474.4314
6474.4941
6474.5568
6474.6195
6474.6822
6474.7449
6474.8076
6474.8703
6474.933
6474.9957
6475.0584
6475.1211
6475.1838
6475.2465
6475.3092
6475.3719
6475.4346
6475.4973
6475.56
6475.6227
6475.6854
6475.7481
6475.8108
6475.8735
6475.9362
6475.9989
6476.0616
6476.1243
6476.187
6476.2497
6476.3124
6476.3751
6476.4378
6476.5005
6476.5632
6476.6259
6476.6886
6476.7513
6476.814
6476.8767
6476.9394
6477.0021
6477.0648
6477.1275
6477.1902
6477.2529
6477.3156
6477.3783
6477.441
6477.5037
6477.5664
6477.6291
6477.6918
6477.7545
6477.8172
6477.8799
6477.9426
6478.0053
6478.068
6478.1307
6478.1934
6478.2561
6478.3188
6478.3815
6478.4442
6478.5069
6478.5696
6478.6323
6478.695
6478.7577
6478.8204
6478.8831
6478.9458
6479.0085
6479.0712
6479.1339
6479.1966
6479.2593
6479.322
6479.3847
6479.4474
6479.5101
6479.5728
6479.6355
6479.6982
6479.7609
6479.8236
6479.8863
6479.949
6480.0117
6480.0744
6480.1371
6480.1998
6480.2625
6480.3252
6480.3879
6480.4506
6480.5133
6480.576
6480.6387
6480.7014
6480.7641
6480.8268
6480.8895
6480.9522
6481.0149
6481.0776
6481.1403
6481.203
6481.2657
6481.3284
6481.3911
6481.4538
6481.5165
6481.5792
6481.6419
6481.7046
6481.7673
6481.83
6481.8927
6481.9554
6482.0181
6482.0808
6482.1435
6482.2062
6482.2689
6482.3316
6482.3943
6482.457
6482.5197
6482.5824
6482.6451
6482.7078
6482.7705
6482.8332
6482.8959
6482.9586
6483.0213
6483.084
6483.1467
6483.2094
6483.2721
6483.3348
6483.3975
6483.4602
6483.5229
6483.5856
6483.6483
6483.711
6483.7737
6483.8364
6483.8991
6483.9618
6484.0245
6484.0872
6484.1499
6484.2126
6484.2753
6484.338
6484.4007
6484.4634
6484.5261
6484.5888
6484.6515
6484.7142
6484.7769
6484.8396
6484.9023
6484.965
6485.0277
6485.0904
6485.1531
6485.2158
6485.2785
6485.3412
6485.4039
6485.4666
6485.5293
6485.592
6485.6547
6485.7174
6485.7801
6485.8428
6485.9055
6485.9682
6486.0309
6486.0936
6486.1563
6486.219
6486.2817
6486.3444
6486.4071
6486.4698
6486.5325
6486.5952
6486.6579
6486.7206
6486.7833
6486.846
6486.9087
6486.9714
6487.0341
6487.0968
6487.1595
6487.2222
6487.2849
6487.3476
6487.4103
6487.473
6487.5357
6487.5984
6487.6611
6487.7238
6487.7865
6487.8492
6487.9119
6487.9746
6488.0373
6488.1
6488.1627
6488.2254
6488.2881
6488.3508
6488.4135
6488.4762
6488.5389
6488.6016
6488.6643
6488.727
6488.7897
6488.8524
6488.9151
6488.9778
6489.0405
6489.1032
6489.1659
6489.2286
6489.2913
6489.354
6489.4167
6489.4794
6489.5421
6489.6048
6489.6675
6489.7302
6489.7929
6489.8556
6489.9183
6489.981
6490.0437
6490.1064
6490.1691
6490.2318
6490.2945
6490.3572
6490.4199
6490.4826
6490.5453
6490.608
6490.6707
6490.7334
6490.7961
6490.8588
6490.9215
6490.9842
6491.0469
6491.1096
6491.1723
6491.235
6491.2977
6491.3604
6491.4231
6491.4858
6491.5485
6491.6112
6491.6739
6491.7366
6491.7993
6491.862
6491.9247
6491.9874
6492.0501
6492.1128
6492.1755
6492.2382
6492.3009
6492.3636
6492.4263
6492.489
6492.5517
6492.6144
6492.6771
6492.7398
6492.8025
6492.8652
6492.9279
6492.9906
6493.0533
6493.116
6493.1787
6493.2414
6493.3041
6493.3668
6493.4295
6493.4922
6493.5549
6493.6176
6493.6803
6493.743
6493.8057
6493.8684
6493.9311
6493.9938
6494.0565
6494.1192
6494.1819
6494.2446
6494.3073
6494.37
6494.4327
6494.4954
6494.5581
6494.6208
6494.6835
6494.7462
6494.8089
6494.8716
6494.9343
6494.997
6495.0597
6495.1224
6495.1851
6495.2478
6495.3105
6495.3732
6495.4359
6495.4986
6495.5613
6495.624
6495.6867
6495.7494
6495.8121
6495.8748
6495.9375
6496.0002
6496.0629
6496.1256
6496.1883
6496.251
6496.3137
6496.3764
6496.4391
6496.5018
6496.5645
6496.6272
6496.6899
6496.7526
6496.8153
6496.878
6496.9407
6497.0034
6497.0661
6497.1288
6497.1915
6497.2542
6497.3169
6497.3796
6497.4423
6497.505
6497.5677
6497.6304
6497.6931
6497.7558
6497.8185
6497.8812
6497.9439
6498.0066
6498.0693
6498.132
6498.1947
6498.2574
6498.3201
6498.3828
6498.4455
6498.5082
6498.5709
6498.6336
6498.6963
6498.759
6498.8217
6498.8844
6498.9471
6499.0098
6499.0725
6499.1352
6499.1979
6499.2606
6499.3233
6499.386
6499.4487
6499.5114
6499.5741
6499.6368
6499.6995
6499.7622
6499.8249
6499.8876
6499.9503
6500.013
6500.0757
6500.1384
6500.2011
6500.2638
6500.3265
6500.3892
6500.4519
6500.5146
6500.5773
6500.64
6500.7027
6500.7654
6500.8281
6500.8908
6500.9535
6501.0162
6501.0789
6501.1416
6501.2043
6501.267
6501.3297
6501.3924
6501.4551
6501.5178
6501.5805
6501.6432
6501.7059
6501.7686
6501.8313
6501.894
6501.9567
6502.0194
6502.0821
6502.1448
6502.2075
6502.2702
6502.3329
6502.3956
6502.4583
6502.521
6502.5837
6502.6464
6502.7091
6502.7718
6502.8345
6502.8972
6502.9599
6503.0226
6503.0853
6503.148
6503.2107
6503.2734
6503.3361
6503.3988
6503.4615
6503.5242
6503.5869
6503.6496
6503.7123
6503.775
6503.8377
6503.9004
6503.9631
6504.0258
6504.0885
6504.1512
6504.2139
6504.2766
6504.3393
6504.402
6504.4647
6504.5274
6504.5901
6504.6528
6504.7155
6504.7782
6504.8409
6504.9036
6504.9663
6505.029
6505.0917
6505.1544
6505.2171
6505.2798
6505.3425
6505.4052
6505.4679
6505.5306
6505.5933
6505.656
6505.7187
6505.7814
6505.8441
6505.9068
6505.9695
6506.0322
6506.0949
6506.1576
6506.2203
6506.283
6506.3457
6506.4084
6506.4711
6506.5338
6506.5965
6506.6592
6506.7219
6506.7846
6506.8473
6506.91
6506.9727
6507.0354
6507.0981
6507.1608
6507.2235
6507.2862
6507.3489
6507.4116
6507.4743
6507.537
6507.5997
6507.6624
6507.7251
6507.7878
6507.8505
6507.9132
6507.9759
6508.0386
6508.1013
6508.164
6508.2267
6508.2894
6508.3521
6508.4148
6508.4775
6508.5402
6508.6029
6508.6656
6508.7283
6508.791
6508.8537
6508.9164
6508.9791
6509.0418
6509.1045
6509.1672
6509.2299
6509.2926
6509.3553
6509.418
6509.4807
6509.5434
6509.6061
6509.6688
6509.7315
6509.7942
6509.8569
6509.9196
6509.9823
6510.045
6510.1077
6510.1704
6510.2331
6510.2958
6510.3585
6510.4212
6510.4839
6510.5466
6510.6093
6510.672
6510.7347
6510.7974
6510.8601
6510.9228
6510.9855
6511.0482
6511.1109
6511.1736
6511.2363
6511.299
6511.3617
6511.4244
6511.4871
6511.5498
6511.6125
6511.6752
6511.7379
6511.8006
6511.8633
6511.926
6511.9887
6512.0514
6512.1141
6512.1768
6512.2395
6512.3022
6512.3649
6512.4276
6512.4903
6512.553
6512.6157
6512.6784
6512.7411
6512.8038
6512.8665
6512.9292
6512.9919
6513.0546
6513.1173
6513.18
6513.2427
6513.3054
6513.3681
6513.4308
6513.4935
6513.5562
6513.6189
6513.6816
6513.7443
6513.807
6513.8697
6513.9324
6513.9951
6514.0578
6514.1205
6514.1832
6514.2459
6514.3086
6514.3713
6514.434
6514.4967
6514.5594
6514.6221
6514.6848
6514.7475
6514.8102
6514.8729
6514.9356
6514.9983
6515.061
6515.1237
6515.1864
6515.2491
6515.3118
6515.3745
6515.4372
6515.4999
6515.5626
6515.6253
6515.688
6515.7507
6515.8134
6515.8761
6515.9388
6516.0015
6516.0642
6516.1269
6516.1896
6516.2523
6516.315
6516.3777
6516.4404
6516.5031
6516.5658
6516.6285
6516.6912
6516.7539
6516.8166
6516.8793
6516.942
6517.0047
6517.0674
6517.1301
6517.1928
6517.2555
6517.3182
6517.3809
6517.4436
6517.5063
6517.569
6517.6317
6517.6944
6517.7571
6517.8198
6517.8825
6517.9452
6518.0079
6518.0706
6518.1333
6518.196
6518.2587
6518.3214
6518.3841
6518.4468
6518.5095
6518.5722
6518.6349
6518.6976
6518.7603
6518.823
6518.8857
6518.9484
6519.0111
6519.0738
6519.1365
6519.1992
6519.2619
6519.3246
6519.3873
6519.45
6519.5127
6519.5754
6519.6381
6519.7008
6519.7635
6519.8262
6519.8889
6519.9516
6520.0143
6520.077
6520.1397
6520.2024
6520.2651
6520.3278
6520.3905
6520.4532
6520.5159
6520.5786
6520.6413
6520.704
6520.7667
6520.8294
6520.8921
6520.9548
6521.0175
6521.0802
6521.1429
6521.2056
6521.2683
6521.331
6521.3937
6521.4564
6521.5191
6521.5818
6521.6445
6521.7072
6521.7699
6521.8326
6521.8953
6521.958
6522.0207
6522.0834
6522.1461
6522.2088
6522.2715
6522.3342
6522.3969
6522.4596
6522.5223
6522.585
6522.6477
6522.7104
6522.7731
6522.8358
6522.8985
6522.9612
6523.0239
6523.0866
6523.1493
6523.212
6523.2747
6523.3374
6523.4001
6523.4628
6523.5255
6523.5882
6523.6509
6523.7136
6523.7763
6523.839
6523.9017
6523.9644
6524.0271
6524.0898
6524.1525
6524.2152
6524.2779
6524.3406
6524.4033
6524.466
6524.5287
6524.5914
6524.6541
6524.7168
6524.7795
6524.8422
6524.9049
6524.9676
6525.0303
6525.093
6525.1557
6525.2184
6525.2811
6525.3438
6525.4065
6525.4692
6525.5319
6525.5946
6525.6573
6525.72
6525.7827
6525.8454
6525.9081
6525.9708
6526.0335
6526.0962
6526.1589
6526.2216
6526.2843
6526.347
6526.4097
6526.4724
6526.5351
6526.5978
6526.6605
6526.7232
6526.7859
6526.8486
6526.9113
6526.974
6527.0367
6527.0994
6527.1621
6527.2248
6527.2875
6527.3502
6527.4129
6527.4756
6527.5383
6527.601
6527.6637
6527.7264
6527.7891
6527.8518
6527.9145
6527.9772
6528.0399
6528.1026
6528.1653
6528.228
6528.2907
6528.3534
6528.4161
6528.4788
6528.5415
6528.6042
6528.6669
6528.7296
6528.7923
6528.855
6528.9177
6528.9804
6529.0431
6529.1058
6529.1685
6529.2312
6529.2939
6529.3566
6529.4193
6529.482
6529.5447
6529.6074
6529.6701
6529.7328
6529.7955
6529.8582
6529.9209
6529.9836
6530.0463
6530.109
6530.1717
6530.2344
6530.2971
6530.3598
6530.4225
6530.4852
6530.5479
6530.6106
6530.6733
6530.736
6530.7987
6530.8614
6530.9241
6530.9868
6531.0495
6531.1122
6531.1749
6531.2376
6531.3003
6531.363
6531.4257
6531.4884
6531.5511
6531.6138
6531.6765
6531.7392
6531.8019
6531.8646
6531.9273
6531.99
6532.0527
6532.1154
6532.1781
6532.2408
6532.3035
6532.3662
6532.4289
6532.4916
6532.5543
6532.617
6532.6797
6532.7424
6532.8051
6532.8678
6532.9305
6532.9932
6533.0559
6533.1186
6533.1813
6533.244
6533.3067
6533.3694
6533.4321
6533.4948
6533.5575
6533.6202
6533.6829
6533.7456
6533.8083
6533.871
6533.9337
6533.9964
6534.0591
6534.1218
6534.1845
6534.2472
6534.3099
6534.3726
6534.4353
6534.498
6534.5607
6534.6234
6534.6861
6534.7488
6534.8115
6534.8742
6534.9369
6534.9996
6535.0623
6535.125
6535.1877
6535.2504
6535.3131
6535.3758
6535.4385
6535.5012
6535.5639
6535.6266
6535.6893
6535.752
6535.8147
6535.8774
6535.9401
6536.0028
6536.0655
6536.1282
6536.1909
6536.2536
6536.3163
6536.379
6536.4417
6536.5044
6536.5671
6536.6298
6536.6925
6536.7552
6536.8179
6536.8806
6536.9433
6537.006
6537.0687
6537.1314
6537.1941
6537.2568
6537.3195
6537.3822
6537.4449
6537.5076
6537.5703
6537.633
6537.6957
6537.7584
6537.8211
6537.8838
6537.9465
6538.0092
6538.0719
6538.1346
6538.1973
6538.26
6538.3227
6538.3854
6538.4481
6538.5108
6538.5735
6538.6362
6538.6989
6538.7616
6538.8243
6538.887
6538.9497
6539.0124
6539.0751
6539.1378
6539.2005
6539.2632
6539.3259
6539.3886
6539.4513
6539.514
6539.5767
6539.6394
6539.7021
6539.7648
6539.8275
6539.8902
6539.9529
6540.0156
6540.0783
6540.141
6540.2037
6540.2664
6540.3291
6540.3918
6540.4545
6540.5172
6540.5799
6540.6426
6540.7053
6540.768
6540.8307
6540.8934
6540.9561
6541.0188
6541.0815
6541.1442
6541.2069
6541.2696
6541.3323
6541.395
6541.4577
6541.5204
6541.5831
6541.6458
6541.7085
6541.7712
6541.8339
6541.8966
6541.9593
6542.022
6542.0847
6542.1474
6542.2101
6542.2728
6542.3355
6542.3982
6542.4609
6542.5236
6542.5863
6542.649
6542.7117
6542.7744
6542.8371
6542.8998
6542.9625
6543.0252
6543.0879
6543.1506
6543.2133
6543.276
6543.3387
6543.4014
6543.4641
6543.5268
6543.5895
6543.6522
6543.7149
6543.7776
6543.8403
6543.903
6543.9657
6544.0284
6544.0911
6544.1538
6544.2165
6544.2792
6544.3419
6544.4046
6544.4673
6544.53
6544.5927
6544.6554
6544.7181
6544.7808
6544.8435
6544.9062
6544.9689
6545.0316
6545.0943
6545.157
6545.2197
6545.2824
6545.3451
6545.4078
6545.4705
6545.5332
6545.5959
6545.6586
6545.7213
6545.784
6545.8467
6545.9094
6545.9721
6546.0348
6546.0975
6546.1602
6546.2229
6546.2856
6546.3483
6546.411
6546.4737
6546.5364
6546.5991
6546.6618
6546.7245
6546.7872
6546.8499
6546.9126
6546.9753
6547.038
6547.1007
6547.1634
6547.2261
6547.2888
6547.3515
6547.4142
6547.4769
6547.5396
6547.6023
6547.665
6547.7277
6547.7904
6547.8531
6547.9158
6547.9785
6548.0412
6548.1039
6548.1666
6548.2293
6548.292
6548.3547
6548.4174
6548.4801
6548.5428
6548.6055
6548.6682
6548.7309
6548.7936
6548.8563
6548.919
6548.9817
6549.0444
6549.1071
6549.1698
6549.2325
6549.2952
6549.3579
6549.4206
6549.4833
6549.546
6549.6087
6549.6714
6549.7341
6549.7968
6549.8595
6549.9222
6549.9849
6550.0476
6550.1103
6550.173
6550.2357
6550.2984
6550.3611
6550.4238
6550.4865
6550.5492
6550.6119
6550.6746
6550.7373
6550.8
6550.8627
6550.9254
6550.9881
6551.0508
6551.1135
6551.1762
6551.2389
6551.3016
6551.3643
6551.427
6551.4897
6551.5524
6551.6151
6551.6778
6551.7405
6551.8032
6551.8659
6551.9286
6551.9913
6552.054
6552.1167
6552.1794
6552.2421
6552.3048
6552.3675
6552.4302
6552.4929
6552.5556
6552.6183
6552.681
6552.7437
6552.8064
6552.8691
6552.9318
6552.9945
6553.0572
6553.1199
6553.1826
6553.2453
6553.308
6553.3707
6553.4334
6553.4961
6553.5588
6553.6215
6553.6842
6553.7469
6553.8096
6553.8723
6553.935
6553.9977
6554.0604
6554.1231
6554.1858
6554.2485
6554.3112
6554.3739
6554.4366
6554.4993
6554.562
6554.6247
6554.6874
6554.7501
6554.8128
6554.8755
6554.9382
6555.0009
6555.0636
6555.1263
6555.189
6555.2517
6555.3144
6555.3771
6555.4398
6555.5025
6555.5652
6555.6279
6555.6906
6555.7533
6555.816
6555.8787
6555.9414
6556.0041
6556.0668
6556.1295
6556.1922
6556.2549
6556.3176
6556.3803
6556.443
6556.5057
6556.5684
6556.6311
6556.6938
6556.7565
6556.8192
6556.8819
6556.9446
6557.0073
6557.07
6557.1327
6557.1954
6557.2581
6557.3208
6557.3835
6557.4462
6557.5089
6557.5716
6557.6343
6557.697
6557.7597
6557.8224
6557.8851
6557.9478
6558.0105
6558.0732
6558.1359
6558.1986
6558.2613
6558.324
6558.3867
6558.4494
6558.5121
6558.5748
6558.6375
6558.7002
6558.7629
6558.8256
6558.8883
6558.951
6559.0137
6559.0764
6559.1391
6559.2018
6559.2645
6559.3272
6559.3899
6559.4526
6559.5153
6559.578
6559.6407
6559.7034
6559.7661
6559.8288
6559.8915
6559.9542
6560.0169
6560.0796
6560.1423
6560.205
6560.2677
6560.3304
6560.3931
6560.4558
6560.5185
6560.5812
6560.6439
6560.7066
6560.7693
6560.832
6560.8947
6560.9574
6561.0201
6561.0828
6561.1455
6561.2082
6561.2709
6561.3336
6561.3963
6561.459
6561.5217
6561.5844
6561.6471
6561.7098
6561.7725
6561.8352
6561.8979
6561.9606
6562.0233
6562.086
6562.1487
6562.2114
6562.2741
6562.3368
6562.3995
6562.4622
6562.5249
6562.5876
6562.6503
6562.713
6562.7757
6562.8384
6562.9011
6562.9638
6563.0265
6563.0892
6563.1519
6563.2146
6563.2773
6563.34
6563.4027
6563.4654
6563.5281
6563.5908
6563.6535
6563.7162
6563.7789
6563.8416
6563.9043
6563.967
6564.0297
6564.0924
6564.1551
6564.2178
6564.2805
6564.3432
6564.4059
6564.4686
6564.5313
6564.594
6564.6567
6564.7194
6564.7821
6564.8448
6564.9075
6564.9702
6565.0329
6565.0956
6565.1583
6565.221
6565.2837
6565.3464
6565.4091
6565.4718
6565.5345
6565.5972
6565.6599
6565.7226
6565.7853
6565.848
6565.9107
6565.9734
6566.0361
6566.0988
6566.1615
6566.2242
6566.2869
6566.3496
6566.4123
6566.475
6566.5377
6566.6004
6566.6631
6566.7258
6566.7885
6566.8512
6566.9139
6566.9766
6567.0393
6567.102
6567.1647
6567.2274
6567.2901
6567.3528
6567.4155
6567.4782
6567.5409
6567.6036
6567.6663
6567.729
6567.7917
6567.8544
6567.9171
6567.9798
6568.0425
6568.1052
6568.1679
6568.2306
6568.2933
6568.356
6568.4187
6568.4814
6568.5441
6568.6068
6568.6695
6568.7322
6568.7949
6568.8576
6568.9203
6568.983
6569.0457
6569.1084
6569.1711
6569.2338
6569.2965
6569.3592
6569.4219
6569.4846
6569.5473
6569.61
6569.6727
6569.7354
6569.7981
6569.8608
6569.9235
6569.9862
6570.0489
6570.1116
6570.1743
6570.237
6570.2997
6570.3624
6570.4251
6570.4878
6570.5505
6570.6132
6570.6759
6570.7386
6570.8013
6570.864
6570.9267
6570.9894
6571.0521
6571.1148
6571.1775
6571.2402
6571.3029
6571.3656
6571.4283
6571.491
6571.5537
6571.6164
6571.6791
6571.7418
6571.8045
6571.8672
6571.9299
6571.9926
6572.0553
6572.118
6572.1807
6572.2434
6572.3061
6572.3688
6572.4315
6572.4942
6572.5569
6572.6196
6572.6823
6572.745
6572.8077
6572.8704
6572.9331
6572.9958
6573.0585
6573.1212
6573.1839
6573.2466
6573.3093
6573.372
6573.4347
6573.4974
6573.5601
6573.6228
6573.6855
6573.7482
6573.8109
6573.8736
6573.9363
6573.999
6574.0617
6574.1244
6574.1871
6574.2498
6574.3125
6574.3752
6574.4379
6574.5006
6574.5633
6574.626
6574.6887
6574.7514
6574.8141
6574.8768
6574.9395
6575.0022
6575.0649
6575.1276
6575.1903
6575.253
6575.3157
6575.3784
6575.4411
6575.5038
6575.5665
6575.6292
6575.6919
6575.7546
6575.8173
6575.88
6575.9427
6576.0054
6576.0681
6576.1308
6576.1935
6576.2562
6576.3189
6576.3816
6576.4443
6576.507
6576.5697
6576.6324
6576.6951
6576.7578
6576.8205
6576.8832
6576.9459
6577.0086
6577.0713
6577.134
6577.1967
6577.2594
6577.3221
6577.3848
6577.4475
6577.5102
6577.5729
6577.6356
6577.6983
6577.761
6577.8237
6577.8864
6577.9491
6578.0118
6578.0745
6578.1372
6578.1999
6578.2626
6578.3253
6578.388
6578.4507
6578.5134
6578.5761
6578.6388
6578.7015
6578.7642
6578.8269
6578.8896
6578.9523
6579.015
6579.0777
6579.1404
6579.2031
6579.2658
6579.3285
6579.3912
6579.4539
6579.5166
6579.5793
6579.642
6579.7047
6579.7674
6579.8301
6579.8928
6579.9555
6580.0182
6580.0809
6580.1436
6580.2063
6580.269
6580.3317
6580.3944
6580.4571
6580.5198
6580.5825
6580.6452
6580.7079
6580.7706
6580.8333
6580.896
6580.9587
6581.0214
6581.0841
6581.1468
6581.2095
6581.2722
6581.3349
6581.3976
6581.4603
6581.523
6581.5857
6581.6484
6581.7111
6581.7738
6581.8365
6581.8992
6581.9619
6582.0246
6582.0873
6582.15
6582.2127
6582.2754
6582.3381
6582.4008
6582.4635
6582.5262
6582.5889
6582.6516
6582.7143
6582.777
6582.8397
6582.9024
6582.9651
6583.0278
6583.0905
6583.1532
6583.2159
6583.2786
6583.3413
6583.404
6583.4667
6583.5294
6583.5921
6583.6548
6583.7175
6583.7802
6583.8429
6583.9056
6583.9683
6584.031
6584.0937
6584.1564
6584.2191
6584.2818
6584.3445
6584.4072
6584.4699
6584.5326
6584.5953
6584.658
6584.7207
6584.7834
6584.8461
6584.9088
6584.9715
6585.0342
6585.0969
6585.1596
6585.2223
6585.285
6585.3477
6585.4104
6585.4731
6585.5358
6585.5985
6585.6612
6585.7239
6585.7866
6585.8493
6585.912
6585.9747
6586.0374
6586.1001
6586.1628
6586.2255
6586.2882
6586.3509
6586.4136
6586.4763
6586.539
6586.6017
6586.6644
6586.7271
6586.7898
6586.8525
6586.9152
6586.9779
6587.0406
6587.1033
6587.166
6587.2287
6587.2914
6587.3541
6587.4168
6587.4795
6587.5422
6587.6049
6587.6676
6587.7303
6587.793
6587.8557
6587.9184
6587.9811
6588.0438
6588.1065
6588.1692
6588.2319
6588.2946
6588.3573
6588.42
6588.4827
6588.5454
6588.6081
6588.6708
6588.7335
6588.7962
6588.8589
6588.9216
6588.9843
6589.047
6589.1097
6589.1724
6589.2351
6589.2978
6589.3605
6589.4232
6589.4859
6589.5486
6589.6113
6589.674
6589.7367
6589.7994
6589.8621
6589.9248
6589.9875
6590.0502
6590.1129
6590.1756
6590.2383
6590.301
6590.3637
6590.4264
6590.4891
6590.5518
6590.6145
6590.6772
6590.7399
6590.8026
6590.8653
6590.928
6590.9907
6591.0534
6591.1161
6591.1788
6591.2415
6591.3042
6591.3669
6591.4296
6591.4923
6591.555
6591.6177
6591.6804
6591.7431
6591.8058
6591.8685
6591.9312
6591.9939
6592.0566
6592.1193
6592.182
6592.2447
6592.3074
6592.3701
6592.4328
6592.4955
6592.5582
6592.6209
6592.6836
6592.7463
6592.809
6592.8717
6592.9344
6592.9971
6593.0598
6593.1225
6593.1852
6593.2479
6593.3106
6593.3733
6593.436
6593.4987
6593.5614
6593.6241
6593.6868
6593.7495
6593.8122
6593.8749
6593.9376
6594.0003
6594.063
6594.1257
6594.1884
6594.2511
6594.3138
6594.3765
6594.4392
6594.5019
6594.5646
6594.6273
6594.69
6594.7527
6594.8154
6594.8781
6594.9408
6595.0035
6595.0662
6595.1289
6595.1916
6595.2543
6595.317
6595.3797
6595.4424
6595.5051
6595.5678
6595.6305
6595.6932
6595.7559
6595.8186
6595.8813
6595.944
6596.0067
6596.0694
6596.1321
6596.1948
6596.2575
6596.3202
6596.3829
6596.4456
6596.5083
6596.571
6596.6337
6596.6964
6596.7591
6596.8218
6596.8845
6596.9472
6597.0099
6597.0726
6597.1353
6597.198
6597.2607
6597.3234
6597.3861
6597.4488
6597.5115
6597.5742
6597.6369
6597.6996
6597.7623
6597.825
6597.8877
6597.9504
6598.0131
6598.0758
6598.1385
6598.2012
6598.2639
6598.3266
6598.3893
6598.452
6598.5147
6598.5774
6598.6401
6598.7028
6598.7655
6598.8282
6598.8909
6598.9536
6599.0163
6599.079
6599.1417
6599.2044
6599.2671
6599.3298
6599.3925
6599.4552
6599.5179
6599.5806
6599.6433
6599.706
6599.7687
6599.8314
6599.8941
6599.9568
6600.0195
6600.0822
6600.1449
6600.2076
6600.2703
6600.333
6600.3957
6600.4584
6600.5211
6600.5838
6600.6465
6600.7092
6600.7719
6600.8346
6600.8973
6600.96
6601.0227
6601.0854
6601.1481
6601.2108
6601.2735
6601.3362
6601.3989
6601.4616
6601.5243
6601.587
6601.6497
6601.7124
6601.7751
6601.8378
6601.9005
6601.9632
6602.0259
6602.0886
6602.1513
6602.214
6602.2767
6602.3394
6602.4021
6602.4648
6602.5275
6602.5902
6602.6529
6602.7156
6602.7783
6602.841
6602.9037
6602.9664
6603.0291
6603.0918
6603.1545
6603.2172
6603.2799
6603.3426
6603.4053
6603.468
6603.5307
6603.5934
6603.6561
6603.7188
6603.7815
6603.8442
6603.9069
6603.9696
6604.0323
6604.095
6604.1577
6604.2204
6604.2831
6604.3458
6604.4085
6604.4712
6604.5339
6604.5966
6604.6593
6604.722
6604.7847
6604.8474
6604.9101
6604.9728
6605.0355
6605.0982
6605.1609
6605.2236
6605.2863
6605.349
6605.4117
6605.4744
6605.5371
6605.5998
6605.6625
6605.7252
6605.7879
6605.8506
6605.9133
6605.976
6606.0387
6606.1014
6606.1641
6606.2268
6606.2895
6606.3522
6606.4149
6606.4776
6606.5403
6606.603
6606.6657
6606.7284
6606.7911
6606.8538
6606.9165
6606.9792
6607.0419
6607.1046
6607.1673
6607.23
6607.2927
6607.3554
6607.4181
6607.4808
6607.5435
6607.6062
6607.6689
6607.7316
6607.7943
6607.857
6607.9197
6607.9824
6608.0451
6608.1078
6608.1705
6608.2332
6608.2959
6608.3586
6608.4213
6608.484
6608.5467
6608.6094
6608.6721
6608.7348
6608.7975
6608.8602
6608.9229
6608.9856
6609.0483
6609.111
6609.1737
6609.2364
6609.2991
6609.3618
6609.4245
6609.4872
6609.5499
6609.6126
6609.6753
6609.738
6609.8007
6609.8634
6609.9261
6609.9888
6610.0515
6610.1142
6610.1769
6610.2396
6610.3023
6610.365
6610.4277
6610.4904
6610.5531
6610.6158
6610.6785
6610.7412
6610.8039
6610.8666
6610.9293
6610.992
6611.0547
6611.1174
6611.1801
6611.2428
6611.3055
6611.3682
6611.4309
6611.4936
6611.5563
6611.619
6611.6817
6611.7444
6611.8071
6611.8698
6611.9325
6611.9952
6612.0579
6612.1206
6612.1833
6612.246
6612.3087
6612.3714
6612.4341
6612.4968
6612.5595
6612.6222
6612.6849
6612.7476
6612.8103
6612.873
6612.9357
6612.9984
6613.0611
6613.1238
6613.1865
6613.2492
6613.3119
6613.3746
6613.4373
6613.5
6613.5627
6613.6254
6613.6881
6613.7508
6613.8135
6613.8762
6613.9389
6614.0016
6614.0643
6614.127
6614.1897
6614.2524
6614.3151
6614.3778
6614.4405
6614.5032
6614.5659
6614.6286
6614.6913
6614.754
6614.8167
6614.8794
6614.9421
6615.0048
6615.0675
6615.1302
6615.1929
6615.2556
6615.3183
6615.381
6615.4437
6615.5064
6615.5691
6615.6318
6615.6945
6615.7572
6615.8199
6615.8826
6615.9453
6616.008
6616.0707
6616.1334
6616.1961
6616.2588
6616.3215
6616.3842
6616.4469
6616.5096
6616.5723
6616.635
6616.6977
6616.7604
6616.8231
6616.8858
6616.9485
6617.0112
6617.0739
6617.1366
6617.1993
6617.262
6617.3247
6617.3874
6617.4501
6617.5128
6617.5755
6617.6382
6617.7009
6617.7636
6617.8263
6617.889
6617.9517
6618.0144
6618.0771
6618.1398
6618.2025
6618.2652
6618.3279
6618.3906
6618.4533
6618.516
6618.5787
6618.6414
6618.7041
6618.7668
6618.8295
6618.8922
6618.9549
6619.0176
6619.0803
6619.143
6619.2057
6619.2684
6619.3311
6619.3938
6619.4565
6619.5192
6619.5819
6619.6446
6619.7073
6619.77
6619.8327
6619.8954
6619.9581
6620.0208
6620.0835
6620.1462
6620.2089
6620.2716
6620.3343
6620.397
6620.4597
6620.5224
6620.5851
6620.6478
6620.7105
6620.7732
6620.8359
6620.8986
6620.9613
6621.024
6621.0867
6621.1494
6621.2121
6621.2748
6621.3375
6621.4002
6621.4629
6621.5256
6621.5883
6621.651
6621.7137
6621.7764
6621.8391
6621.9018
6621.9645
6622.0272
6622.0899
6622.1526
6622.2153
6622.278
6622.3407
6622.4034
6622.4661
6622.5288
6622.5915
6622.6542
6622.7169
6622.7796
6622.8423
6622.905
6622.9677
6623.0304
6623.0931
6623.1558
6623.2185
6623.2812
6623.3439
6623.4066
6623.4693
6623.532
6623.5947
6623.6574
6623.7201
6623.7828
6623.8455
6623.9082
6623.9709
6624.0336
6624.0963
6624.159
6624.2217
6624.2844
6624.3471
6624.4098
6624.4725
6624.5352
6624.5979
6624.6606
6624.7233
6624.786
6624.8487
6624.9114
6624.9741
6625.0368
6625.0995
6625.1622
6625.2249
6625.2876
6625.3503
6625.413
6625.4757
6625.5384
6625.6011
6625.6638
6625.7265
6625.7892
6625.8519
6625.9146
6625.9773
6626.04
6626.1027
6626.1654
6626.2281
6626.2908
6626.3535
6626.4162
6626.4789
6626.5416
6626.6043
6626.667
6626.7297
6626.7924
6626.8551
6626.9178
6626.9805
6627.0432
6627.1059
6627.1686
6627.2313
6627.294
6627.3567
6627.4194
6627.4821
6627.5448
6627.6075
6627.6702
6627.7329
6627.7956
6627.8583
6627.921
6627.9837
6628.0464
6628.1091
6628.1718
6628.2345
6628.2972
6628.3599
6628.4226
6628.4853
6628.548
6628.6107
6628.6734
6628.7361
6628.7988
6628.8615
6628.9242
6628.9869
6629.0496
6629.1123
6629.175
6629.2377
6629.3004
6629.3631
6629.4258
6629.4885
6629.5512
6629.6139
6629.6766
6629.7393
6629.802
6629.8647
6629.9274
6629.9901
6630.0528
6630.1155
6630.1782
6630.2409
6630.3036
6630.3663
6630.429
6630.4917
6630.5544
6630.6171
6630.6798
6630.7425
6630.8052
6630.8679
6630.9306
6630.9933
6631.056
6631.1187
6631.1814
6631.2441
6631.3068
6631.3695
6631.4322
6631.4949
6631.5576
6631.6203
6631.683
6631.7457
6631.8084
6631.8711
6631.9338
6631.9965
6632.0592
6632.1219
6632.1846
6632.2473
6632.31
6632.3727
6632.4354
6632.4981
6632.5608
6632.6235
6632.6862
6632.7489
6632.8116
6632.8743
6632.937
6632.9997
6633.0624
6633.1251
6633.1878
6633.2505
6633.3132
6633.3759
6633.4386
6633.5013
6633.564
6633.6267
6633.6894
6633.7521
6633.8148
6633.8775
6633.9402
6634.0029
6634.0656
6634.1283
6634.191
6634.2537
6634.3164
6634.3791
6634.4418
6634.5045
6634.5672
6634.6299
6634.6926
6634.7553
6634.818
6634.8807
6634.9434
6635.0061
6635.0688
6635.1315
6635.1942
6635.2569
6635.3196
6635.3823
6635.445
6635.5077
6635.5704
6635.6331
6635.6958
6635.7585
6635.8212
6635.8839
6635.9466
6636.0093
6636.072
6636.1347
6636.1974
6636.2601
6636.3228
6636.3855
6636.4482
6636.5109
6636.5736
6636.6363
6636.699
6636.7617
6636.8244
6636.8871
6636.9498
6637.0125
6637.0752
6637.1379
6637.2006
6637.2633
6637.326
6637.3887
6637.4514
6637.5141
6637.5768
6637.6395
6637.7022
6637.7649
6637.8276
6637.8903
6637.953
6638.0157
6638.0784
6638.1411
6638.2038
6638.2665
6638.3292
6638.3919
6638.4546
6638.5173
6638.58
6638.6427
6638.7054
6638.7681
6638.8308
6638.8935
6638.9562
6639.0189
6639.0816
6639.1443
6639.207
6639.2697
6639.3324
6639.3951
6639.4578
6639.5205
6639.5832
6639.6459
6639.7086
6639.7713
6639.834
6639.8967
6639.9594
6640.0221
6640.0848
6640.1475
6640.2102
6640.2729
6640.3356
6640.3983
6640.461
6640.5237
6640.5864
6640.6491
6640.7118
6640.7745
6640.8372
6640.8999
6640.9626
6641.0253
6641.088
6641.1507
6641.2134
6641.2761
6641.3388
6641.4015
6641.4642
6641.5269
6641.5896
6641.6523
6641.715
6641.7777
6641.8404
6641.9031
6641.9658
6642.0285
6642.0912
6642.1539
6642.2166
6642.2793
6642.342
6642.4047
6642.4674
6642.5301
6642.5928
6642.6555
6642.7182
6642.7809
6642.8436
6642.9063
6642.969
6643.0317
6643.0944
6643.1571
6643.2198
6643.2825
6643.3452
6643.4079
6643.4706
6643.5333
6643.596
6643.6587
6643.7214
6643.7841
6643.8468
6643.9095
6643.9722
6644.0349
6644.0976
6644.1603
6644.223
6644.2857
6644.3484
6644.4111
6644.4738
6644.5365
6644.5992
6644.6619
6644.7246
6644.7873
6644.85
6644.9127
6644.9754
6645.0381
6645.1008
6645.1635
6645.2262
6645.2889
6645.3516
6645.4143
6645.477
6645.5397
6645.6024
6645.6651
6645.7278
6645.7905
6645.8532
6645.9159
6645.9786
6646.0413
6646.104
6646.1667
6646.2294
6646.2921
6646.3548
6646.4175
6646.4802
6646.5429
6646.6056
6646.6683
6646.731
6646.7937
6646.8564
6646.9191
6646.9818
6647.0445
6647.1072
6647.1699
6647.2326
6647.2953
6647.358
6647.4207
6647.4834
6647.5461
6647.6088
6647.6715
6647.7342
6647.7969
6647.8596
6647.9223
6647.985
6648.0477
6648.1104
6648.1731
6648.2358
6648.2985
6648.3612
6648.4239
6648.4866
6648.5493
6648.612
6648.6747
6648.7374
6648.8001
6648.8628
6648.9255
6648.9882
6649.0509
6649.1136
6649.1763
6649.239
6649.3017
6649.3644
6649.4271
6649.4898
6649.5525
6649.6152
6649.6779
6649.7406
6649.8033
6649.866
6649.9287
6649.9914
6650.0541
6650.1168
6650.1795
6650.2422
6650.3049
6650.3676
6650.4303
6650.493
6650.5557
6650.6184
6650.6811
6650.7438
6650.8065
6650.8692
6650.9319
6650.9946
6651.0573
6651.12
6651.1827
6651.2454
6651.3081
6651.3708
6651.4335
6651.4962
6651.5589
6651.6216
6651.6843
6651.747
6651.8097
6651.8724
6651.9351
6651.9978
6652.0605
6652.1232
6652.1859
6652.2486
6652.3113
6652.374
6652.4367
6652.4994
6652.5621
6652.6248
6652.6875
6652.7502
6652.8129
6652.8756
6652.9383
6653.001
6653.0637
6653.1264
6653.1891
6653.2518
6653.3145
6653.3772
6653.4399
6653.5026
6653.5653
6653.628
6653.6907
6653.7534
6653.8161
6653.8788
6653.9415
6654.0042
6654.0669
6654.1296
6654.1923
6654.255
6654.3177
6654.3804
6654.4431
6654.5058
6654.5685
6654.6312
6654.6939
6654.7566
6654.8193
6654.882
6654.9447
6655.0074
6655.0701
6655.1328
6655.1955
6655.2582
6655.3209
6655.3836
6655.4463
6655.509
6655.5717
6655.6344
6655.6971
6655.7598
6655.8225
6655.8852
6655.9479
6656.0106
6656.0733
6656.136
6656.1987
6656.2614
6656.3241
6656.3868
6656.4495
6656.5122
6656.5749
6656.6376
6656.7003
6656.763
6656.8257
6656.8884
6656.9511
6657.0138
6657.0765
6657.1392
6657.2019
6657.2646
6657.3273
6657.39
6657.4527
6657.5154
6657.5781
6657.6408
6657.7035
6657.7662
6657.8289
6657.8916
6657.9543
6658.017
6658.0797
6658.1424
6658.2051
6658.2678
6658.3305
6658.3932
6658.4559
6658.5186
6658.5813
6658.644
6658.7067
6658.7694
6658.8321
6658.8948
6658.9575
6659.0202
6659.0829
6659.1456
6659.2083
6659.271
6659.3337
6659.3964
6659.4591
6659.5218
6659.5845
6659.6472
6659.7099
6659.7726
6659.8353
6659.898
6659.9607
6660.0234
6660.0861
6660.1488
6660.2115
6660.2742
6660.3369
6660.3996
6660.4623
6660.525
6660.5877
6660.6504
6660.7131
6660.7758
6660.8385
6660.9012
6660.9639
6661.0266
6661.0893
6661.152
6661.2147
6661.2774
6661.3401
6661.4028
6661.4655
6661.5282
6661.5909
6661.6536
6661.7163
6661.779
6661.8417
6661.9044
6661.9671
6662.0298
6662.0925
6662.1552
6662.2179
6662.2806
6662.3433
6662.406
6662.4687
6662.5314
6662.5941
6662.6568
6662.7195
6662.7822
6662.8449
6662.9076
6662.9703
6663.033
6663.0957
6663.1584
6663.2211
6663.2838
6663.3465
6663.4092
6663.4719
6663.5346
6663.5973
6663.66
6663.7227
6663.7854
6663.8481
6663.9108
6663.9735
6664.0362
6664.0989
6664.1616
6664.2243
6664.287
6664.3497
6664.4124
6664.4751
6664.5378
6664.6005
6664.6632
6664.7259
6664.7886
6664.8513
6664.914
6664.9767
6665.0394
6665.1021
6665.1648
6665.2275
6665.2902
6665.3529
6665.4156
6665.4783
6665.541
6665.6037
6665.6664
6665.7291
6665.7918
6665.8545
6665.9172
6665.9799
6666.0426
6666.1053
6666.168
6666.2307
6666.2934
6666.3561
6666.4188
6666.4815
6666.5442
6666.6069
6666.6696
6666.7323
6666.795
6666.8577
6666.9204
6666.9831
6667.0458
6667.1085
6667.1712
6667.2339
6667.2966
6667.3593
6667.422
6667.4847
6667.5474
6667.6101
6667.6728
6667.7355
6667.7982
6667.8609
6667.9236
6667.9863
6668.049
6668.1117
6668.1744
6668.2371
6668.2998
6668.3625
6668.4252
6668.4879
6668.5506
6668.6133
6668.676
6668.7387
6668.8014
6668.8641
6668.9268
6668.9895
6669.0522
6669.1149
6669.1776
6669.2403
6669.303
6669.3657
6669.4284
6669.4911
6669.5538
6669.6165
6669.6792
6669.7419
6669.8046
6669.8673
6669.93
6669.9927
6670.0554
6670.1181
6670.1808
6670.2435
6670.3062
6670.3689
6670.4316
6670.4943
6670.557
6670.6197
6670.6824
6670.7451
6670.8078
6670.8705
6670.9332
6670.9959
6671.0586
6671.1213
6671.184
6671.2467
6671.3094
6671.3721
6671.4348
6671.4975
6671.5602
6671.6229
6671.6856
6671.7483
6671.811
6671.8737
6671.9364
6671.9991
6672.0618
6672.1245
6672.1872
6672.2499
6672.3126
6672.3753
6672.438
6672.5007
6672.5634
6672.6261
6672.6888
6672.7515
6672.8142
6672.8769
6672.9396
6673.0023
6673.065
6673.1277
6673.1904
6673.2531
6673.3158
6673.3785
6673.4412
6673.5039
6673.5666
6673.6293
6673.692
6673.7547
6673.8174
6673.8801
6673.9428
6674.0055
6674.0682
6674.1309
6674.1936
6674.2563
6674.319
6674.3817
6674.4444
6674.5071
6674.5698
6674.6325
6674.6952
6674.7579
6674.8206
6674.8833
6674.946
6675.0087
6675.0714
6675.1341
6675.1968
6675.2595
6675.3222
6675.3849
6675.4476
6675.5103
6675.573
6675.6357
6675.6984
6675.7611
6675.8238
6675.8865
6675.9492
6676.0119
6676.0746
6676.1373
6676.2
6676.2627
6676.3254
6676.3881
6676.4508
6676.5135
6676.5762
6676.6389
6676.7016
6676.7643
6676.827
6676.8897
6676.9524
6677.0151
6677.0778
6677.1405
6677.2032
6677.2659
6677.3286
6677.3913
6677.454
6677.5167
6677.5794
6677.6421
6677.7048
6677.7675
6677.8302
6677.8929
6677.9556
6678.0183
6678.081
6678.1437
6678.2064
6678.2691
6678.3318
6678.3945
6678.4572
6678.5199
6678.5826
6678.6453
6678.708
6678.7707
6678.8334
6678.8961
6678.9588
6679.0215
6679.0842
6679.1469
6679.2096
6679.2723
6679.335
6679.3977
6679.4604
6679.5231
6679.5858
6679.6485
6679.7112
6679.7739
6679.8366
6679.8993
6679.962
6680.0247
6680.0874
6680.1501
6680.2128
6680.2755
6680.3382
6680.4009
6680.4636
6680.5263
6680.589
6680.6517
6680.7144
6680.7771
6680.8398
6680.9025
6680.9652
6681.0279
6681.0906
6681.1533
6681.216
6681.2787
6681.3414
6681.4041
6681.4668
6681.5295
6681.5922
6681.6549
6681.7176
6681.7803
6681.843
6681.9057
6681.9684
6682.0311
6682.0938
6682.1565
6682.2192
6682.2819
6682.3446
6682.4073
6682.47
6682.5327
6682.5954
6682.6581
6682.7208
6682.7835
6682.8462
6682.9089
6682.9716
6683.0343
6683.097
6683.1597
6683.2224
6683.2851
6683.3478
6683.4105
6683.4732
6683.5359
6683.5986
6683.6613
6683.724
6683.7867
6683.8494
6683.9121
6683.9748
6684.0375
6684.1002
6684.1629
6684.2256
6684.2883
6684.351
6684.4137
6684.4764
6684.5391
6684.6018
6684.6645
6684.7272
6684.7899
6684.8526
6684.9153
6684.978
6685.0407
6685.1034
6685.1661
6685.2288
6685.2915
6685.3542
6685.4169
6685.4796
6685.5423
6685.605
6685.6677
6685.7304
6685.7931
6685.8558
6685.9185
6685.9812
6686.0439
6686.1066
6686.1693
6686.232
6686.2947
6686.3574
6686.4201
6686.4828
6686.5455
6686.6082
6686.6709
6686.7336
6686.7963
6686.859
6686.9217
6686.9844
6687.0471
6687.1098
6687.1725
6687.2352
6687.2979
6687.3606
6687.4233
6687.486
6687.5487
6687.6114
6687.6741
6687.7368
6687.7995
6687.8622
6687.9249
6687.9876
6688.0503
6688.113
6688.1757
6688.2384
6688.3011
6688.3638
6688.4265
6688.4892
6688.5519
6688.6146
6688.6773
6688.74
6688.8027
6688.8654
6688.9281
6688.9908
6689.0535
6689.1162
6689.1789
6689.2416
6689.3043
6689.367
6689.4297
6689.4924
6689.5551
6689.6178
6689.6805
6689.7432
6689.8059
6689.8686
6689.9313
6689.994
6690.0567
6690.1194
6690.1821
6690.2448
6690.3075
6690.3702
6690.4329
6690.4956
6690.5583
6690.621
6690.6837
6690.7464
6690.8091
6690.8718
6690.9345
6690.9972
6691.0599
6691.1226
6691.1853
6691.248
6691.3107
6691.3734
6691.4361
6691.4988
6691.5615
6691.6242
6691.6869
6691.7496
6691.8123
6691.875
6691.9377
6692.0004
6692.0631
6692.1258
6692.1885
6692.2512
6692.3139
6692.3766
6692.4393
6692.502
6692.5647
6692.6274
6692.6901
6692.7528
6692.8155
6692.8782
6692.9409
6693.0036
6693.0663
6693.129
6693.1917
6693.2544
6693.3171
6693.3798
6693.4425
6693.5052
6693.5679
6693.6306
6693.6933
6693.756
6693.8187
6693.8814
6693.9441
6694.0068
6694.0695
6694.1322
6694.1949
6694.2576
6694.3203
6694.383
6694.4457
6694.5084
6694.5711
6694.6338
6694.6965
6694.7592
6694.8219
6694.8846
6694.9473
6695.01
6695.0727
6695.1354
6695.1981
6695.2608
6695.3235
6695.3862
6695.4489
6695.5116
6695.5743
6695.637
6695.6997
6695.7624
6695.8251
6695.8878
6695.9505
6696.0132
6696.0759
6696.1386
6696.2013
6696.264
6696.3267
6696.3894
6696.4521
6696.5148
6696.5775
6696.6402
6696.7029
6696.7656
6696.8283
6696.891
6696.9537
6697.0164
6697.0791
6697.1418
6697.2045
6697.2672
6697.3299
6697.3926
6697.4553
6697.518
6697.5807
6697.6434
6697.7061
6697.7688
6697.8315
6697.8942
6697.9569
6698.0196
6698.0823
6698.145
6698.2077
6698.2704
6698.3331
6698.3958
6698.4585
6698.5212
6698.5839
6698.6466
6698.7093
6698.772
6698.8347
6698.8974
6698.9601
6699.0228
6699.0855
6699.1482
6699.2109
6699.2736
6699.3363
6699.399
6699.4617
6699.5244
6699.5871
6699.6498
6699.7125
6699.7752
6699.8379
6699.9006
6699.9633
6700.026
6700.0887
6700.1514
6700.2141
6700.2768
6700.3395
6700.4022
6700.4649
6700.5276
6700.5903
6700.653
6700.7157
6700.7784
6700.8411
6700.9038
6700.9665
6701.0292
6701.0919
6701.1546
6701.2173
6701.28
6701.3427
6701.4054
6701.4681
6701.5308
6701.5935
6701.6562
6701.7189
6701.7816
6701.8443
6701.907
6701.9697
6702.0324
6702.0951
6702.1578
6702.2205
6702.2832
6702.3459
6702.4086
6702.4713
6702.534
6702.5967
6702.6594
6702.7221
6702.7848
6702.8475
6702.9102
6702.9729
6703.0356
6703.0983
6703.161
6703.2237
6703.2864
6703.3491
6703.4118
6703.4745
6703.5372
6703.5999
6703.6626
6703.7253
6703.788
6703.8507
6703.9134
6703.9761
6704.0388
6704.1015
6704.1642
6704.2269
6704.2896
6704.3523
6704.415
6704.4777
6704.5404
6704.6031
6704.6658
6704.7285
6704.7912
6704.8539
6704.9166
6704.9793
6705.042
6705.1047
6705.1674
6705.2301
6705.2928
6705.3555
6705.4182
6705.4809
6705.5436
6705.6063
6705.669
6705.7317
6705.7944
6705.8571
6705.9198
6705.9825
6706.0452
6706.1079
6706.1706
6706.2333
6706.296
6706.3587
6706.4214
6706.4841
6706.5468
6706.6095
6706.6722
6706.7349
6706.7976
6706.8603
6706.923
6706.9857
6707.0484
6707.1111
6707.1738
6707.2365
6707.2992
6707.3619
6707.4246
6707.4873
6707.55
6707.6127
6707.6754
6707.7381
6707.8008
6707.8635
6707.9262
6707.9889
6708.0516
6708.1143
6708.177
6708.2397
6708.3024
6708.3651
6708.4278
6708.4905
6708.5532
6708.6159
6708.6786
6708.7413
6708.804
6708.8667
6708.9294
6708.9921
6709.0548
6709.1175
6709.1802
6709.2429
6709.3056
6709.3683
6709.431
6709.4937
6709.5564
6709.6191
6709.6818
6709.7445
6709.8072
6709.8699
6709.9326
6709.9953
6710.058
6710.1207
6710.1834
6710.2461
6710.3088
6710.3715
6710.4342
6710.4969
6710.5596
6710.6223
6710.685
6710.7477
6710.8104
6710.8731
6710.9358
6710.9985
6711.0612
6711.1239
6711.1866
6711.2493
6711.312
6711.3747
6711.4374
6711.5001
6711.5628
6711.6255
6711.6882
6711.7509
6711.8136
6711.8763
6711.939
6712.0017
6712.0644
6712.1271
6712.1898
6712.2525
6712.3152
6712.3779
6712.4406
6712.5033
6712.566
6712.6287
6712.6914
6712.7541
6712.8168
6712.8795
6712.9422
6713.0049
6713.0676
6713.1303
6713.193
6713.2557
6713.3184
6713.3811
6713.4438
6713.5065
6713.5692
6713.6319
6713.6946
6713.7573
6713.82
6713.8827
6713.9454
6714.0081
6714.0708
6714.1335
6714.1962
6714.2589
6714.3216
6714.3843
6714.447
6714.5097
6714.5724
6714.6351
6714.6978
6714.7605
6714.8232
6714.8859
6714.9486
6715.0113
6715.074
6715.1367
6715.1994
6715.2621
6715.3248
6715.3875
6715.4502
6715.5129
6715.5756
6715.6383
6715.701
6715.7637
6715.8264
6715.8891
6715.9518
6716.0145
6716.0772
6716.1399
6716.2026
6716.2653
6716.328
6716.3907
6716.4534
6716.5161
6716.5788
6716.6415
6716.7042
6716.7669
6716.8296
6716.8923
6716.955
6717.0177
6717.0804
6717.1431
6717.2058
6717.2685
6717.3312
6717.3939
6717.4566
6717.5193
6717.582
6717.6447
6717.7074
6717.7701
6717.8328
6717.8955
6717.9582
6718.0209
6718.0836
6718.1463
6718.209
6718.2717
6718.3344
6718.3971
6718.4598
6718.5225
6718.5852
6718.6479
6718.7106
6718.7733
6718.836
6718.8987
6718.9614
6719.0241
6719.0868
6719.1495
6719.2122
6719.2749
6719.3376
6719.4003
6719.463
6719.5257
6719.5884
6719.6511
6719.7138
6719.7765
6719.8392
6719.9019
6719.9646
6720.0273
6720.09
6720.1527
6720.2154
6720.2781
6720.3408
6720.4035
6720.4662
6720.5289
6720.5916
6720.6543
6720.717
6720.7797
6720.8424
6720.9051
6720.9678
6721.0305
6721.0932
6721.1559
6721.2186
6721.2813
6721.344
6721.4067
6721.4694
6721.5321
6721.5948
6721.6575
6721.7202
6721.7829
6721.8456
6721.9083
6721.971
6722.0337
6722.0964
6722.1591
6722.2218
6722.2845
6722.3472
6722.4099
6722.4726
6722.5353
6722.598
6722.6607
6722.7234
6722.7861
6722.8488
6722.9115
6722.9742
6723.0369
6723.0996
6723.1623
6723.225
6723.2877
6723.3504
6723.4131
6723.4758
6723.5385
6723.6012
6723.6639
6723.7266
6723.7893
6723.852
6723.9147
6723.9774
6724.0401
6724.1028
6724.1655
6724.2282
6724.2909
6724.3536
6724.4163
6724.479
6724.5417
6724.6044
6724.6671
6724.7298
6724.7925
6724.8552
6724.9179
6724.9806
6725.0433
6725.106
6725.1687
6725.2314
6725.2941
6725.3568
6725.4195
6725.4822
6725.5449
6725.6076
6725.6703
6725.733
6725.7957
6725.8584
6725.9211
6725.9838
6726.0465
6726.1092
6726.1719
6726.2346
6726.2973
6726.36
6726.4227
6726.4854
6726.5481
6726.6108
6726.6735
6726.7362
6726.7989
6726.8616
6726.9243
6726.987
6727.0497
6727.1124
6727.1751
6727.2378
6727.3005
6727.3632
6727.4259
6727.4886
6727.5513
6727.614
6727.6767
6727.7394
6727.8021
6727.8648
6727.9275
6727.9902
6728.0529
6728.1156
6728.1783
6728.241
6728.3037
6728.3664
6728.4291
6728.4918
6728.5545
6728.6172
6728.6799
6728.7426
6728.8053
6728.868
6728.9307
6728.9934
6729.0561
6729.1188
6729.1815
6729.2442
6729.3069
6729.3696
6729.4323
6729.495
6729.5577
6729.6204
6729.6831
6729.7458
6729.8085
6729.8712
6729.9339
6729.9966
6730.0593
6730.122
6730.1847
6730.2474
6730.3101
6730.3728
6730.4355
6730.4982
6730.5609
6730.6236
6730.6863
6730.749
6730.8117
6730.8744
6730.9371
6730.9998
6731.0625
6731.1252
6731.1879
6731.2506
6731.3133
6731.376
6731.4387
6731.5014
6731.5641
6731.6268
6731.6895
6731.7522
6731.8149
6731.8776
6731.9403
6732.003
6732.0657
6732.1284
6732.1911
6732.2538
6732.3165
6732.3792
6732.4419
6732.5046
6732.5673
6732.63
6732.6927
6732.7554
6732.8181
6732.8808
6732.9435
6733.0062
6733.0689
6733.1316
6733.1943
6733.257
6733.3197
6733.3824
6733.4451
6733.5078
6733.5705
6733.6332
6733.6959
6733.7586
6733.8213
6733.884
6733.9467
6734.0094
6734.0721
6734.1348
6734.1975
6734.2602
6734.3229
6734.3856
6734.4483
6734.511
6734.5737
6734.6364
6734.6991
6734.7618
6734.8245
6734.8872
6734.9499
6735.0126
6735.0753
6735.138
6735.2007
6735.2634
6735.3261
6735.3888
6735.4515
6735.5142
6735.5769
6735.6396
6735.7023
6735.765
6735.8277
6735.8904
6735.9531
6736.0158
6736.0785
6736.1412
6736.2039
6736.2666
6736.3293
6736.392
6736.4547
6736.5174
6736.5801
6736.6428
6736.7055
6736.7682
6736.8309
6736.8936
6736.9563
6737.019
6737.0817
6737.1444
6737.2071
6737.2698
6737.3325
6737.3952
6737.4579
6737.5206
6737.5833
6737.646
6737.7087
6737.7714
6737.8341
6737.8968
6737.9595
6738.0222
6738.0849
6738.1476
6738.2103
6738.273
6738.3357
6738.3984
6738.4611
6738.5238
6738.5865
6738.6492
6738.7119
6738.7746
6738.8373
6738.9
6738.9627
6739.0254
6739.0881
6739.1508
6739.2135
6739.2762
6739.3389
6739.4016
6739.4643
6739.527
6739.5897
6739.6524
6739.7151
6739.7778
6739.8405
6739.9032
6739.9659
6740.0286
6740.0913
6740.154
6740.2167
6740.2794
6740.3421
6740.4048
6740.4675
6740.5302
6740.5929
6740.6556
6740.7183
6740.781
6740.8437
6740.9064
6740.9691
6741.0318
6741.0945
6741.1572
6741.2199
6741.2826
6741.3453
6741.408
6741.4707
6741.5334
6741.5961
6741.6588
6741.7215
6741.7842
6741.8469
6741.9096
6741.9723
6742.035
6742.0977
6742.1604
6742.2231
6742.2858
6742.3485
6742.4112
6742.4739
6742.5366
6742.5993
6742.662
6742.7247
6742.7874
6742.8501
6742.9128
6742.9755
6743.0382
6743.1009
6743.1636
6743.2263
6743.289
6743.3517
6743.4144
6743.4771
6743.5398
6743.6025
6743.6652
6743.7279
6743.7906
6743.8533
6743.916
6743.9787
6744.0414
6744.1041
6744.1668
6744.2295
6744.2922
6744.3549
6744.4176
6744.4803
6744.543
6744.6057
6744.6684
6744.7311
6744.7938
6744.8565
6744.9192
6744.9819
6745.0446
6745.1073
6745.17
6745.2327
6745.2954
6745.3581
6745.4208
6745.4835
6745.5462
6745.6089
6745.6716
6745.7343
6745.797
6745.8597
6745.9224
6745.9851
6746.0478
6746.1105
6746.1732
6746.2359
6746.2986
6746.3613
6746.424
6746.4867
6746.5494
6746.6121
6746.6748
6746.7375
6746.8002
6746.8629
6746.9256
6746.9883
6747.051
6747.1137
6747.1764
6747.2391
6747.3018
6747.3645
6747.4272
6747.4899
6747.5526
6747.6153
6747.678
6747.7407
6747.8034
6747.8661
6747.9288
6747.9915
6748.0542
6748.1169
6748.1796
6748.2423
6748.305
6748.3677
6748.4304
6748.4931
6748.5558
6748.6185
6748.6812
6748.7439
6748.8066
6748.8693
6748.932
6748.9947
6749.0574
6749.1201
6749.1828
6749.2455
6749.3082
6749.3709
6749.4336
6749.4963
6749.559
6749.6217
6749.6844
6749.7471
6749.8098
6749.8725
6749.9352
6749.9979
6750.0606
6750.1233
6750.186
6750.2487
6750.3114
6750.3741
6750.4368
6750.4995
6750.5622
6750.6249
6750.6876
6750.7503
6750.813
6750.8757
6750.9384
6751.0011
6751.0638
6751.1265
6751.1892
6751.2519
6751.3146
6751.3773
6751.44
6751.5027
6751.5654
6751.6281
6751.6908
6751.7535
6751.8162
6751.8789
6751.9416
6752.0043
6752.067
6752.1297
6752.1924
6752.2551
6752.3178
6752.3805
6752.4432
6752.5059
6752.5686
6752.6313
6752.694
6752.7567
6752.8194
6752.8821
6752.9448
6753.0075
6753.0702
6753.1329
6753.1956
6753.2583
6753.321
6753.3837
6753.4464
6753.5091
6753.5718
6753.6345
6753.6972
6753.7599
6753.8226
6753.8853
6753.948
6754.0107
6754.0734
6754.1361
6754.1988
6754.2615
6754.3242
6754.3869
6754.4496
6754.5123
6754.575
6754.6377
6754.7004
6754.7631
6754.8258
6754.8885
6754.9512
6755.0139
6755.0766
6755.1393
6755.202
6755.2647
6755.3274
6755.3901
6755.4528
6755.5155
6755.5782
6755.6409
6755.7036
6755.7663
6755.829
6755.8917
6755.9544
6756.0171
6756.0798
6756.1425
6756.2052
6756.2679
6756.3306
6756.3933
6756.456
6756.5187
6756.5814
6756.6441
6756.7068
6756.7695
6756.8322
6756.8949
6756.9576
6757.0203
6757.083
6757.1457
6757.2084
6757.2711
6757.3338
6757.3965
6757.4592
6757.5219
6757.5846
6757.6473
6757.71
6757.7727
6757.8354
6757.8981
6757.9608
6758.0235
6758.0862
6758.1489
6758.2116
6758.2743
6758.337
6758.3997
6758.4624
6758.5251
6758.5878
6758.6505
6758.7132
6758.7759
6758.8386
6758.9013
6758.964
6759.0267
6759.0894
6759.1521
6759.2148
6759.2775
6759.3402
6759.4029
6759.4656
6759.5283
6759.591
6759.6537
6759.7164
6759.7791
6759.8418
6759.9045
6759.9672
6760.0299
6760.0926
6760.1553
6760.218
6760.2807
6760.3434
6760.4061
6760.4688
6760.5315
6760.5942
6760.6569
6760.7196
6760.7823
6760.845
6760.9077
6760.9704
6761.0331
6761.0958
6761.1585
6761.2212
6761.2839
6761.3466
6761.4093
6761.472
6761.5347
6761.5974
6761.6601
6761.7228
6761.7855
6761.8482
6761.9109
6761.9736
6762.0363
6762.099
6762.1617
6762.2244
6762.2871
6762.3498
6762.4125
6762.4752
6762.5379
6762.6006
6762.6633
6762.726
6762.7887
6762.8514
6762.9141
6762.9768
6763.0395
6763.1022
6763.1649
6763.2276
6763.2903
6763.353
6763.4157
6763.4784
6763.5411
6763.6038
6763.6665
6763.7292
6763.7919
6763.8546
6763.9173
6763.98
6764.0427
6764.1054
6764.1681
6764.2308
6764.2935
6764.3562
6764.4189
6764.4816
6764.5443
6764.607
6764.6697
6764.7324
6764.7951
6764.8578
6764.9205
6764.9832
6765.0459
6765.1086
6765.1713
6765.234
6765.2967
6765.3594
6765.4221
6765.4848
6765.5475
6765.6102
6765.6729
6765.7356
6765.7983
6765.861
6765.9237
6765.9864
6766.0491
6766.1118
6766.1745
6766.2372
6766.2999
6766.3626
6766.4253
6766.488
6766.5507
6766.6134
6766.6761
6766.7388
6766.8015
6766.8642
6766.9269
6766.9896
6767.0523
6767.115
6767.1777
6767.2404
6767.3031
6767.3658
6767.4285
6767.4912
6767.5539
6767.6166
6767.6793
6767.742
6767.8047
6767.8674
6767.9301
6767.9928
6768.0555
6768.1182
6768.1809
6768.2436
6768.3063
6768.369
6768.4317
6768.4944
6768.5571
6768.6198
6768.6825
6768.7452
6768.8079
6768.8706
6768.9333
6768.996
6769.0587
6769.1214
6769.1841
6769.2468
6769.3095
6769.3722
6769.4349
6769.4976
6769.5603
6769.623
6769.6857
6769.7484
6769.8111
6769.8738
6769.9365
6769.9992
6770.0619
6770.1246
6770.1873
6770.25
6770.3127
6770.3754
6770.4381
6770.5008
6770.5635
6770.6262
6770.6889
6770.7516
6770.8143
6770.877
6770.9397
6771.0024
6771.0651
6771.1278
6771.1905
6771.2532
6771.3159
6771.3786
6771.4413
6771.504
6771.5667
6771.6294
6771.6921
6771.7548
6771.8175
6771.8802
6771.9429
6772.0056
6772.0683
6772.131
6772.1937
6772.2564
6772.3191
6772.3818
6772.4445
6772.5072
6772.5699
6772.6326
6772.6953
6772.758
6772.8207
6772.8834
6772.9461
6773.0088
6773.0715
6773.1342
6773.1969
6773.2596
6773.3223
6773.385
6773.4477
6773.5104
6773.5731
6773.6358
6773.6985
6773.7612
6773.8239
6773.8866
6773.9493
6774.012
6774.0747
6774.1374
6774.2001
6774.2628
6774.3255
6774.3882
6774.4509
6774.5136
6774.5763
6774.639
6774.7017
6774.7644
6774.8271
6774.8898
6774.9525
6775.0152
6775.0779
6775.1406
6775.2033
6775.266
6775.3287
6775.3914
6775.4541
6775.5168
6775.5795
6775.6422
6775.7049
6775.7676
6775.8303
6775.893
6775.9557
6776.0184
6776.0811
6776.1438
6776.2065
6776.2692
6776.3319
6776.3946
6776.4573
6776.52
6776.5827
6776.6454
6776.7081
6776.7708
6776.8335
6776.8962
6776.9589
6777.0216
6777.0843
6777.147
6777.2097
6777.2724
6777.3351
6777.3978
6777.4605
6777.5232
6777.5859
6777.6486
6777.7113
6777.774
6777.8367
6777.8994
6777.9621
6778.0248
6778.0875
6778.1502
6778.2129
6778.2756
6778.3383
6778.401
6778.4637
6778.5264
6778.5891
6778.6518
6778.7145
6778.7772
6778.8399
6778.9026
6778.9653
6779.028
6779.0907
6779.1534
6779.2161
6779.2788
6779.3415
6779.4042
6779.4669
6779.5296
6779.5923
6779.655
6779.7177
6779.7804
6779.8431
6779.9058
6779.9685
6780.0312
6780.0939
6780.1566
6780.2193
6780.282
6780.3447
6780.4074
6780.4701
6780.5328
6780.5955
6780.6582
6780.7209
6780.7836
6780.8463
6780.909
6780.9717
6781.0344
6781.0971
6781.1598
6781.2225
6781.2852
6781.3479
6781.4106
6781.4733
6781.536
6781.5987
6781.6614
6781.7241
6781.7868
6781.8495
6781.9122
6781.9749
6782.0376
6782.1003
6782.163
6782.2257
6782.2884
6782.3511
6782.4138
6782.4765
6782.5392
6782.6019
6782.6646
6782.7273
6782.79
6782.8527
6782.9154
6782.9781
6783.0408
6783.1035
6783.1662
6783.2289
6783.2916
6783.3543
6783.417
6783.4797
6783.5424
6783.6051
6783.6678
6783.7305
6783.7932
6783.8559
6783.9186
6783.9813
6784.044
6784.1067
6784.1694
6784.2321
6784.2948
6784.3575
6784.4202
6784.4829
6784.5456
6784.6083
6784.671
6784.7337
6784.7964
6784.8591
6784.9218
6784.9845
6785.0472
6785.1099
6785.1726
6785.2353
6785.298
6785.3607
6785.4234
6785.4861
6785.5488
6785.6115
6785.6742
6785.7369
6785.7996
6785.8623
6785.925
6785.9877
6786.0504
6786.1131
6786.1758
6786.2385
6786.3012
6786.3639
6786.4266
6786.4893
6786.552
6786.6147
6786.6774
6786.7401
6786.8028
6786.8655
6786.9282
6786.9909
6787.0536
6787.1163
6787.179
6787.2417
6787.3044
6787.3671
6787.4298
6787.4925
6787.5552
6787.6179
6787.6806
6787.7433
6787.806
6787.8687
6787.9314
6787.9941
6788.0568
6788.1195
6788.1822
6788.2449
6788.3076
6788.3703
6788.433
6788.4957
6788.5584
6788.6211
6788.6838
6788.7465
6788.8092
6788.8719
6788.9346
6788.9973
6789.06
6789.1227
6789.1854
6789.2481
6789.3108
6789.3735
6789.4362
6789.4989
6789.5616
6789.6243
6789.687
6789.7497
6789.8124
6789.8751
6789.9378
6790.0005
6790.0632
6790.1259
6790.1886
6790.2513
6790.314
6790.3767
6790.4394
6790.5021
6790.5648
6790.6275
6790.6902
6790.7529
6790.8156
6790.8783
6790.941
6791.0037
6791.0664
6791.1291
6791.1918
6791.2545
6791.3172
6791.3799
6791.4426
6791.5053
6791.568
6791.6307
6791.6934
6791.7561
6791.8188
6791.8815
6791.9442
6792.0069
6792.0696
6792.1323
6792.195
6792.2577
6792.3204
6792.3831
6792.4458
6792.5085
6792.5712
6792.6339
6792.6966
6792.7593
6792.822
6792.8847
6792.9474
6793.0101
6793.0728
6793.1355
6793.1982
6793.2609
6793.3236
6793.3863
6793.449
6793.5117
6793.5744
6793.6371
6793.6998
6793.7625
6793.8252
6793.8879
6793.9506
6794.0133
6794.076
6794.1387
6794.2014
6794.2641
6794.3268
6794.3895
6794.4522
6794.5149
6794.5776
6794.6403
6794.703
6794.7657
6794.8284
6794.8911
6794.9538
6795.0165
6795.0792
6795.1419
6795.2046
6795.2673
6795.33
6795.3927
6795.4554
6795.5181
6795.5808
6795.6435
6795.7062
6795.7689
6795.8316
6795.8943
6795.957
6796.0197
6796.0824
6796.1451
6796.2078
6796.2705
6796.3332
6796.3959
6796.4586
6796.5213
6796.584
6796.6467
6796.7094
6796.7721
6796.8348
6796.8975
6796.9602
6797.0229
6797.0856
6797.1483
6797.211
6797.2737
6797.3364
6797.3991
6797.4618
6797.5245
6797.5872
6797.6499
6797.7126
6797.7753
6797.838
6797.9007
6797.9634
6798.0261
6798.0888
6798.1515
6798.2142
6798.2769
6798.3396
6798.4023
6798.465
6798.5277
6798.5904
6798.6531
6798.7158
6798.7785
6798.8412
6798.9039
6798.9666
6799.0293
6799.092
6799.1547
6799.2174
6799.2801
6799.3428
6799.4055
6799.4682
6799.5309
6799.5936
6799.6563
6799.719
6799.7817
6799.8444
6799.9071
6799.9698
6800.0325
6800.0952
6800.1579
6800.2206
6800.2833
6800.346
6800.4087
6800.4714
6800.5341
6800.5968
6800.6595
6800.7222
6800.7849
6800.8476
6800.9103
6800.973
6801.0357
6801.0984
6801.1611
6801.2238
6801.2865
6801.3492
6801.4119
6801.4746
6801.5373
6801.6
6801.6627
6801.7254
6801.7881
6801.8508
6801.9135
6801.9762
6802.0389
6802.1016
6802.1643
6802.227
6802.2897
6802.3524
6802.4151
6802.4778
6802.5405
6802.6032
6802.6659
6802.7286
6802.7913
6802.854
6802.9167
6802.9794
6803.0421
6803.1048
6803.1675
6803.2302
6803.2929
6803.3556
6803.4183
6803.481
6803.5437
6803.6064
6803.6691
6803.7318
6803.7945
6803.8572
6803.9199
6803.9826
6804.0453
6804.108
6804.1707
6804.2334
6804.2961
6804.3588
6804.4215
6804.4842
6804.5469
6804.6096
6804.6723
6804.735
6804.7977
6804.8604
6804.9231
6804.9858
6805.0485
6805.1112
6805.1739
6805.2366
6805.2993
6805.362
6805.4247
6805.4874
6805.5501
6805.6128
6805.6755
6805.7382
6805.8009
6805.8636
6805.9263
6805.989
6806.0517
6806.1144
6806.1771
6806.2398
6806.3025
6806.3652
6806.4279
6806.4906
6806.5533
6806.616
6806.6787
6806.7414
6806.8041
6806.8668
6806.9295
6806.9922
6807.0549
6807.1176
6807.1803
6807.243
6807.3057
6807.3684
6807.4311
6807.4938
6807.5565
6807.6192
6807.6819
6807.7446
6807.8073
6807.87
6807.9327
6807.9954
6808.0581
6808.1208
6808.1835
6808.2462
6808.3089
6808.3716
6808.4343
6808.497
6808.5597
6808.6224
6808.6851
6808.7478
6808.8105
6808.8732
6808.9359
6808.9986
6809.0613
6809.124
6809.1867
6809.2494
6809.3121
6809.3748
6809.4375
6809.5002
6809.5629
6809.6256
6809.6883
6809.751
6809.8137
6809.8764
6809.9391
6810.0018
6810.0645
6810.1272
6810.1899
6810.2526
6810.3153
6810.378
6810.4407
6810.5034
6810.5661
6810.6288
6810.6915
6810.7542
6810.8169
6810.8796
6810.9423
6811.005
6811.0677
6811.1304
6811.1931
6811.2558
6811.3185
6811.3812
6811.4439
6811.5066
6811.5693
6811.632
6811.6947
6811.7574
6811.8201
6811.8828
6811.9455
6812.0082
6812.0709
6812.1336
6812.1963
6812.259
6812.3217
6812.3844
6812.4471
6812.5098
6812.5725
6812.6352
6812.6979
6812.7606
6812.8233
6812.886
6812.9487
6813.0114
6813.0741
6813.1368
6813.1995
6813.2622
6813.3249
6813.3876
6813.4503
6813.513
6813.5757
6813.6384
6813.7011
6813.7638
6813.8265
6813.8892
6813.9519
6814.0146
6814.0773
6814.14
6814.2027
6814.2654
6814.3281
6814.3908
6814.4535
6814.5162
6814.5789
6814.6416
6814.7043
6814.767
6814.8297
6814.8924
6814.9551
6815.0178
6815.0805
6815.1432
6815.2059
6815.2686
6815.3313
6815.394
6815.4567
6815.5194
6815.5821
6815.6448
6815.7075
6815.7702
6815.8329
6815.8956
6815.9583
6816.021
6816.0837
6816.1464
6816.2091
6816.2718
6816.3345
6816.3972
6816.4599
6816.5226
6816.5853
6816.648
6816.7107
6816.7734
6816.8361
6816.8988
6816.9615
6817.0242
6817.0869
6817.1496
6817.2123
6817.275
6817.3377
6817.4004
6817.4631
6817.5258
6817.5885
6817.6512
6817.7139
6817.7766
6817.8393
6817.902
6817.9647
6818.0274
6818.0901
6818.1528
6818.2155
6818.2782
6818.3409
6818.4036
6818.4663
6818.529
6818.5917
6818.6544
6818.7171
6818.7798
6818.8425
6818.9052
6818.9679
6819.0306
6819.0933
6819.156
6819.2187
6819.2814
6819.3441
6819.4068
6819.4695
6819.5322
6819.5949
6819.6576
6819.7203
6819.783
6819.8457
6819.9084
6819.9711
6820.0338
6820.0965
6820.1592
6820.2219
6820.2846
6820.3473
6820.41
6820.4727
6820.5354
6820.5981
6820.6608
6820.7235
6820.7862
6820.8489
6820.9116
6820.9743
6821.037
6821.0997
6821.1624
6821.2251
6821.2878
6821.3505
6821.4132
6821.4759
6821.5386
6821.6013
6821.664
6821.7267
6821.7894
6821.8521
6821.9148
6821.9775
6822.0402
6822.1029
6822.1656
6822.2283
6822.291
6822.3537
6822.4164
6822.4791
6822.5418
6822.6045
6822.6672
6822.7299
6822.7926
6822.8553
6822.918
6822.9807
6823.0434
6823.1061
6823.1688
6823.2315
6823.2942
6823.3569
6823.4196
6823.4823
6823.545
6823.6077
6823.6704
6823.7331
6823.7958
6823.8585
6823.9212
6823.9839
6824.0466
6824.1093
6824.172
6824.2347
6824.2974
6824.3601
6824.4228
6824.4855
6824.5482
6824.6109
6824.6736
6824.7363
6824.799
6824.8617
6824.9244
6824.9871
6825.0498
6825.1125
6825.1752
6825.2379
6825.3006
6825.3633
6825.426
6825.4887
6825.5514
6825.6141
6825.6768
6825.7395
6825.8022
6825.8649
6825.9276
6825.9903
6826.053
6826.1157
6826.1784
6826.2411
6826.3038
6826.3665
6826.4292
6826.4919
6826.5546
6826.6173
6826.68
6826.7427
6826.8054
6826.8681
6826.9308
6826.9935
6827.0562
6827.1189
6827.1816
6827.2443
6827.307
6827.3697
6827.4324
6827.4951
6827.5578
6827.6205
6827.6832
6827.7459
6827.8086
6827.8713
6827.934
6827.9967
6828.0594
6828.1221
6828.1848
6828.2475
6828.3102
6828.3729
6828.4356
6828.4983
6828.561
6828.6237
6828.6864
6828.7491
6828.8118
6828.8745
6828.9372
6828.9999
6829.0626
6829.1253
6829.188
6829.2507
6829.3134
6829.3761
6829.4388
6829.5015
6829.5642
6829.6269
6829.6896
6829.7523
6829.815
6829.8777
6829.9404
6830.0031
6830.0658
6830.1285
6830.1912
6830.2539
6830.3166
6830.3793
6830.442
6830.5047
6830.5674
6830.6301
6830.6928
6830.7555
6830.8182
6830.8809
6830.9436
6831.0063
6831.069
6831.1317
6831.1944
6831.2571
6831.3198
6831.3825
6831.4452
6831.5079
6831.5706
6831.6333
6831.696
6831.7587
6831.8214
6831.8841
6831.9468
6832.0095
6832.0722
6832.1349
6832.1976
6832.2603
6832.323
6832.3857
6832.4484
6832.5111
6832.5738
6832.6365
6832.6992
6832.7619
6832.8246
6832.8873
6832.95
6833.0127
6833.0754
6833.1381
6833.2008
6833.2635
6833.3262
6833.3889
6833.4516
6833.5143
6833.577
6833.6397
6833.7024
6833.7651
6833.8278
6833.8905
6833.9532
6834.0159
6834.0786
6834.1413
6834.204
6834.2667
6834.3294
6834.3921
6834.4548
6834.5175
6834.5802
6834.6429
6834.7056
6834.7683
6834.831
6834.8937
6834.9564
6835.0191
6835.0818
6835.1445
6835.2072
6835.2699
6835.3326
6835.3953
6835.458
6835.5207
6835.5834
6835.6461
6835.7088
6835.7715
6835.8342
6835.8969
6835.9596
6836.0223
6836.085
6836.1477
6836.2104
6836.2731
6836.3358
6836.3985
6836.4612
6836.5239
6836.5866
6836.6493
6836.712
6836.7747
6836.8374
6836.9001
6836.9628
6837.0255
6837.0882
6837.1509
6837.2136
6837.2763
6837.339
6837.4017
6837.4644
6837.5271
6837.5898
6837.6525
6837.7152
6837.7779
6837.8406
6837.9033
6837.966
6838.0287
6838.0914
6838.1541
6838.2168
6838.2795
6838.3422
6838.4049
6838.4676
6838.5303
6838.593
6838.6557
6838.7184
6838.7811
6838.8438
6838.9065
6838.9692
6839.0319
6839.0946
6839.1573
6839.22
6839.2827
6839.3454
6839.4081
6839.4708
6839.5335
6839.5962
6839.6589
6839.7216
6839.7843
6839.847
6839.9097
6839.9724
6840.0351
6840.0978
6840.1605
6840.2232
6840.2859
6840.3486
6840.4113
6840.474
6840.5367
6840.5994
6840.6621
6840.7248
6840.7875
6840.8502
6840.9129
6840.9756
6841.0383
6841.101
6841.1637
6841.2264
6841.2891
6841.3518
6841.4145
6841.4772
6841.5399
6841.6026
6841.6653
6841.728
6841.7907
6841.8534
6841.9161
6841.9788
6842.0415
6842.1042
6842.1669
6842.2296
6842.2923
6842.355
6842.4177
6842.4804
6842.5431
6842.6058
6842.6685
6842.7312
6842.7939
6842.8566
6842.9193
6842.982
6843.0447
6843.1074
6843.1701
6843.2328
6843.2955
6843.3582
6843.4209
6843.4836
6843.5463
6843.609
6843.6717
6843.7344
6843.7971
6843.8598
6843.9225
6843.9852
6844.0479
6844.1106
6844.1733
6844.236
6844.2987
6844.3614
6844.4241
6844.4868
6844.5495
6844.6122
6844.6749
6844.7376
6844.8003
6844.863
6844.9257
6844.9884
6845.0511
6845.1138
6845.1765
6845.2392
6845.3019
6845.3646
6845.4273
6845.49
6845.5527
6845.6154
6845.6781
6845.7408
6845.8035
6845.8662
6845.9289
6845.9916
6846.0543
6846.117
6846.1797
6846.2424
6846.3051
6846.3678
6846.4305
6846.4932
6846.5559
6846.6186
6846.6813
6846.744
6846.8067
6846.8694
6846.9321
6846.9948
6847.0575
6847.1202
6847.1829
6847.2456
6847.3083
6847.371
6847.4337
6847.4964
6847.5591
6847.6218
6847.6845
6847.7472
6847.8099
6847.8726
6847.9353
6847.998
6848.0607
6848.1234
6848.1861
6848.2488
6848.3115
6848.3742
6848.4369
6848.4996
6848.5623
6848.625
6848.6877
6848.7504
6848.8131
6848.8758
6848.9385
6849.0012
6849.0639
6849.1266
6849.1893
6849.252
6849.3147
6849.3774
6849.4401
6849.5028
6849.5655
6849.6282
6849.6909
6849.7536
6849.8163
6849.879
6849.9417
6850.0044
6850.0671
6850.1298
6850.1925
6850.2552
6850.3179
6850.3806
6850.4433
6850.506
6850.5687
6850.6314
6850.6941
6850.7568
6850.8195
6850.8822
6850.9449
6851.0076
6851.0703
6851.133
6851.1957
6851.2584
6851.3211
6851.3838
6851.4465
6851.5092
6851.5719
6851.6346
6851.6973
6851.76
6851.8227
6851.8854
6851.9481
6852.0108
6852.0735
6852.1362
6852.1989
6852.2616
6852.3243
6852.387
6852.4497
6852.5124
6852.5751
6852.6378
6852.7005
6852.7632
6852.8259
6852.8886
6852.9513
6853.014
6853.0767
6853.1394
6853.2021
6853.2648
6853.3275
6853.3902
6853.4529
6853.5156
6853.5783
6853.641
6853.7037
6853.7664
6853.8291
6853.8918
6853.9545
6854.0172
6854.0799
6854.1426
6854.2053
6854.268
6854.3307
6854.3934
6854.4561
6854.5188
6854.5815
6854.6442
6854.7069
6854.7696
6854.8323
6854.895
6854.9577
6855.0204
6855.0831
6855.1458
6855.2085
6855.2712
6855.3339
6855.3966
6855.4593
6855.522
6855.5847
6855.6474
6855.7101
6855.7728
6855.8355
6855.8982
6855.9609
6856.0236
6856.0863
6856.149
6856.2117
6856.2744
6856.3371
6856.3998
6856.4625
6856.5252
6856.5879
6856.6506
6856.7133
6856.776
6856.8387
6856.9014
6856.9641
6857.0268
6857.0895
6857.1522
6857.2149
6857.2776
6857.3403
6857.403
6857.4657
6857.5284
6857.5911
6857.6538
6857.7165
6857.7792
6857.8419
6857.9046
6857.9673
6858.03
6858.0927
6858.1554
6858.2181
6858.2808
6858.3435
6858.4062
6858.4689
6858.5316
6858.5943
6858.657
6858.7197
6858.7824
6858.8451
6858.9078
6858.9705
6859.0332
6859.0959
6859.1586
6859.2213
6859.284
6859.3467
6859.4094
6859.4721
6859.5348
6859.5975
6859.6602
6859.7229
6859.7856
6859.8483
6859.911
6859.9737
6860.0364
6860.0991
6860.1618
6860.2245
6860.2872
6860.3499
6860.4126
6860.4753
6860.538
6860.6007
6860.6634
6860.7261
6860.7888
6860.8515
6860.9142
6860.9769
6861.0396
6861.1023
6861.165
6861.2277
6861.2904
6861.3531
6861.4158
6861.4785
6861.5412
6861.6039
6861.6666
6861.7293
6861.792
6861.8547
6861.9174
6861.9801
6862.0428
6862.1055
6862.1682
6862.2309
6862.2936
6862.3563
6862.419
6862.4817
6862.5444
6862.6071
6862.6698
6862.7325
6862.7952
6862.8579
6862.9206
6862.9833
6863.046
6863.1087
6863.1714
6863.2341
6863.2968
6863.3595
6863.4222
6863.4849
6863.5476
6863.6103
6863.673
6863.7357
6863.7984
6863.8611
6863.9238
6863.9865
6864.0492
6864.1119
6864.1746
6864.2373
6864.3
6864.3627
6864.4254
6864.4881
6864.5508
6864.6135
6864.6762
6864.7389
6864.8016
6864.8643
6864.927
6864.9897
6865.0524
6865.1151
6865.1778
6865.2405
6865.3032
6865.3659
6865.4286
6865.4913
6865.554
6865.6167
6865.6794
6865.7421
6865.8048
6865.8675
6865.9302
6865.9929
6866.0556
6866.1183
6866.181
6866.2437
6866.3064
6866.3691
6866.4318
6866.4945
6866.5572
6866.6199
6866.6826
6866.7453
6866.808
6866.8707
6866.9334
6866.9961
6867.0588
6867.1215
6867.1842
6867.2469
6867.3096
6867.3723
6867.435
6867.4977
6867.5604
6867.6231
6867.6858
6867.7485
6867.8112
6867.8739
6867.9366
6867.9993
6868.062
6868.1247
6868.1874
6868.2501
6868.3128
6868.3755
6868.4382
6868.5009
6868.5636
6868.6263
6868.689
6868.7517
6868.8144
6868.8771
6868.9398
6869.0025
6869.0652
6869.1279
6869.1906
6869.2533
6869.316
6869.3787
6869.4414
6869.5041
6869.5668
6869.6295
6869.6922
6869.7549
6869.8176
6869.8803
6869.943
6870.0057
6870.0684
6870.1311
6870.1938
6870.2565
6870.3192
6870.3819
6870.4446
6870.5073
6870.57
6870.6327
6870.6954
6870.7581
6870.8208
6870.8835
6870.9462
6871.0089
6871.0716
6871.1343
6871.197
6871.2597
6871.3224
6871.3851
6871.4478
6871.5105
6871.5732
6871.6359
6871.6986
6871.7613
6871.824
6871.8867
6871.9494
6872.0121
6872.0748
6872.1375
6872.2002
6872.2629
6872.3256
6872.3883
6872.451
6872.5137
6872.5764
6872.6391
6872.7018
6872.7645
6872.8272
6872.8899
6872.9526
6873.0153
6873.078
6873.1407
6873.2034
6873.2661
6873.3288
6873.3915
6873.4542
6873.5169
6873.5796
6873.6423
6873.705
6873.7677
6873.8304
6873.8931
6873.9558
6874.0185
6874.0812
6874.1439
6874.2066
6874.2693
6874.332
6874.3947
6874.4574
6874.5201
6874.5828
6874.6455
6874.7082
6874.7709
6874.8336
6874.8963
6874.959
6875.0217
6875.0844
6875.1471
6875.2098
6875.2725
6875.3352
6875.3979
6875.4606
6875.5233
6875.586
6875.6487
6875.7114
6875.7741
6875.8368
6875.8995
6875.9622
6876.0249
6876.0876
6876.1503
6876.213
6876.2757
6876.3384
6876.4011
6876.4638
6876.5265
6876.5892
6876.6519
6876.7146
6876.7773
6876.84
6876.9027
6876.9654
6877.0281
6877.0908
6877.1535
6877.2162
6877.2789
6877.3416
6877.4043
6877.467
6877.5297
6877.5924
6877.6551
6877.7178
6877.7805
6877.8432
6877.9059
6877.9686
6878.0313
6878.094
6878.1567
6878.2194
6878.2821
6878.3448
6878.4075
6878.4702
6878.5329
6878.5956
6878.6583
6878.721
6878.7837
6878.8464
6878.9091
6878.9718
6879.0345
6879.0972
6879.1599
6879.2226
6879.2853
6879.348
6879.4107
6879.4734
6879.5361
6879.5988
6879.6615
6879.7242
6879.7869
6879.8496
6879.9123
6879.975
6880.0377
6880.1004
6880.1631
6880.2258
6880.2885
6880.3512
6880.4139
6880.4766
6880.5393
6880.602
6880.6647
6880.7274
6880.7901
6880.8528
6880.9155
6880.9782
6881.0409
6881.1036
6881.1663
6881.229
6881.2917
6881.3544
6881.4171
6881.4798
6881.5425
6881.6052
6881.6679
6881.7306
6881.7933
6881.856
6881.9187
6881.9814
6882.0441
6882.1068
6882.1695
6882.2322
6882.2949
6882.3576
6882.4203
6882.483
6882.5457
6882.6084
6882.6711
6882.7338
6882.7965
6882.8592
6882.9219
6882.9846
6883.0473
6883.11
6883.1727
6883.2354
6883.2981
6883.3608
6883.4235
6883.4862
6883.5489
6883.6116
6883.6743
6883.737
6883.7997
6883.8624
6883.9251
6883.9878
6884.0505
6884.1132
6884.1759
6884.2386
6884.3013
6884.364
6884.4267
6884.4894
6884.5521
6884.6148
6884.6775
6884.7402
6884.8029
6884.8656
6884.9283
6884.991
6885.0537
6885.1164
6885.1791
6885.2418
6885.3045
6885.3672
6885.4299
6885.4926
6885.5553
6885.618
6885.6807
6885.7434
6885.8061
6885.8688
6885.9315
6885.9942
6886.0569
6886.1196
6886.1823
6886.245
6886.3077
6886.3704
6886.4331
6886.4958
6886.5585
6886.6212
6886.6839
6886.7466
6886.8093
6886.872
6886.9347
6886.9974
6887.0601
6887.1228
6887.1855
6887.2482
6887.3109
6887.3736
6887.4363
6887.499
6887.5617
6887.6244
6887.6871
6887.7498
6887.8125
6887.8752
6887.9379
6888.0006
6888.0633
6888.126
6888.1887
6888.2514
6888.3141
6888.3768
6888.4395
6888.5022
6888.5649
6888.6276
6888.6903
6888.753
6888.8157
6888.8784
6888.9411
6889.0038
6889.0665
6889.1292
6889.1919
6889.2546
6889.3173
6889.38
6889.4427
6889.5054
6889.5681
6889.6308
6889.6935
6889.7562
6889.8189
6889.8816
6889.9443
6890.007
6890.0697
6890.1324
6890.1951
6890.2578
6890.3205
6890.3832
6890.4459
6890.5086
6890.5713
6890.634
6890.6967
6890.7594
6890.8221
6890.8848
6890.9475
6891.0102
6891.0729
6891.1356
6891.1983
6891.261
6891.3237
6891.3864
6891.4491
6891.5118
6891.5745
6891.6372
6891.6999
6891.7626
6891.8253
6891.888
6891.9507
6892.0134
6892.0761
6892.1388
6892.2015
6892.2642
6892.3269
6892.3896
6892.4523
6892.515
6892.5777
6892.6404
6892.7031
6892.7658
6892.8285
6892.8912
6892.9539
6893.0166
6893.0793
6893.142
6893.2047
6893.2674
6893.3301
6893.3928
6893.4555
6893.5182
6893.5809
6893.6436
6893.7063
6893.769
6893.8317
6893.8944
6893.9571
6894.0198
6894.0825
6894.1452
6894.2079
6894.2706
6894.3333
6894.396
6894.4587
6894.5214
6894.5841
6894.6468
6894.7095
6894.7722
6894.8349
6894.8976
6894.9603
6895.023
6895.0857
6895.1484
6895.2111
6895.2738
6895.3365
6895.3992
6895.4619
6895.5246
6895.5873
6895.65
6895.7127
6895.7754
6895.8381
6895.9008
6895.9635
6896.0262
6896.0889
6896.1516
6896.2143
6896.277
6896.3397
6896.4024
6896.4651
6896.5278
6896.5905
6896.6532
6896.7159
6896.7786
6896.8413
6896.904
6896.9667
6897.0294
6897.0921
6897.1548
6897.2175
6897.2802
6897.3429
6897.4056
6897.4683
6897.531
6897.5937
6897.6564
6897.7191
6897.7818
6897.8445
6897.9072
6897.9699
6898.0326
6898.0953
6898.158
6898.2207
6898.2834
6898.3461
6898.4088
6898.4715
6898.5342
6898.5969
6898.6596
6898.7223
6898.785
6898.8477
6898.9104
6898.9731
6899.0358
6899.0985
6899.1612
6899.2239
6899.2866
6899.3493
6899.412
6899.4747
6899.5374
6899.6001
6899.6628
6899.7255
6899.7882
6899.8509
6899.9136
6899.9763
